0 37 38 
1 0 38 
1 38 39 
2 1 39 
2 39 40 
3 2 40 
3 40 41 
4 3 41 
4 41 42 
5 4 42 
5 42 43 
6 5 43 
6 43 44 
7 6 44 
7 44 45 
8 7 45 
8 45 46 
9 8 46 
9 46 47 
10 9 47 
10 47 48 
11 10 48 
11 48 49 
12 11 49 
12 49 50 
13 12 50 
13 50 51 
14 13 51 
14 51 52 
15 14 52 
15 52 53 
16 15 53 
16 53 54 
17 16 54 
17 54 55 
18 17 55 
18 55 56 
19 18 56 
19 56 57 
20 19 57 
20 57 58 
21 20 58 
21 58 59 
22 21 59 
22 59 60 
23 22 60 
23 60 61 
24 23 61 
24 61 62 
25 24 62 
25 62 63 
26 25 63 
26 63 64 
27 26 64 
27 64 65 
28 27 65 
28 65 66 
29 28 66 
29 66 67 
30 29 67 
30 67 68 
31 30 68 
31 68 69 
32 31 69 
32 69 70 
33 32 70 
33 70 71 
34 33 71 
34 71 72 
35 34 72 
35 72 73 
36 35 73 
37 74 75 
38 37 75 
38 75 76 
39 38 76 
39 76 77 
40 39 77 
40 77 78 
41 40 78 
41 78 79 
42 41 79 
42 79 80 
43 42 80 
43 80 81 
44 43 81 
44 81 82 
45 44 82 
45 82 83 
46 45 83 
46 83 84 
47 46 84 
47 84 85 
48 47 85 
48 85 86 
49 48 86 
49 86 87 
50 49 87 
50 87 88 
51 50 88 
51 88 89 
52 51 89 
52 89 90 
53 52 90 
53 90 91 
54 53 91 
54 91 92 
55 54 92 
55 92 93 
56 55 93 
56 93 94 
57 56 94 
57 94 95 
58 57 95 
58 95 96 
59 58 96 
59 96 97 
60 59 97 
60 97 98 
61 60 98 
61 98 99 
62 61 99 
62 99 100 
63 62 100 
63 100 101 
64 63 101 
64 101 102 
65 64 102 
65 102 103 
66 65 103 
66 103 104 
67 66 104 
67 104 105 
68 67 105 
68 105 106 
69 68 106 
69 106 107 
70 69 107 
70 107 108 
71 70 108 
71 108 109 
72 71 109 
72 109 110 
73 72 110 
74 111 112 
75 74 112 
75 112 113 
76 75 113 
76 113 114 
77 76 114 
77 114 115 
78 77 115 
78 115 116 
79 78 116 
79 116 117 
80 79 117 
80 117 118 
81 80 118 
81 118 119 
82 81 119 
82 119 120 
83 82 120 
83 120 121 
84 83 121 
84 121 122 
85 84 122 
85 122 123 
86 85 123 
86 123 124 
87 86 124 
87 124 125 
88 87 125 
88 125 126 
89 88 126 
89 126 127 
90 89 127 
90 127 128 
91 90 128 
91 128 129 
92 91 129 
92 129 130 
93 92 130 
93 130 131 
94 93 131 
94 131 132 
95 94 132 
95 132 133 
96 95 133 
96 133 134 
97 96 134 
97 134 135 
98 97 135 
98 135 136 
99 98 136 
99 136 137 
100 99 137 
100 137 138 
101 100 138 
101 138 139 
102 101 139 
102 139 140 
103 102 140 
103 140 141 
104 103 141 
104 141 142 
105 104 142 
105 142 143 
106 105 143 
106 143 144 
107 106 144 
107 144 145 
108 107 145 
108 145 146 
109 108 146 
109 146 147 
110 109 147 
111 148 149 
112 111 149 
112 149 150 
113 112 150 
113 150 151 
114 113 151 
114 151 152 
115 114 152 
115 152 153 
116 115 153 
116 153 154 
117 116 154 
117 154 155 
118 117 155 
118 155 156 
119 118 156 
119 156 157 
120 119 157 
120 157 158 
121 120 158 
121 158 159 
122 121 159 
122 159 160 
123 122 160 
123 160 161 
124 123 161 
124 161 162 
125 124 162 
125 162 163 
126 125 163 
126 163 164 
127 126 164 
127 164 165 
128 127 165 
128 165 166 
129 128 166 
129 166 167 
130 129 167 
130 167 168 
131 130 168 
131 168 169 
132 131 169 
132 169 170 
133 132 170 
133 170 171 
134 133 171 
134 171 172 
135 134 172 
135 172 173 
136 135 173 
136 173 174 
137 136 174 
137 174 175 
138 137 175 
138 175 176 
139 138 176 
139 176 177 
140 139 177 
140 177 178 
141 140 178 
141 178 179 
142 141 179 
142 179 180 
143 142 180 
143 180 181 
144 143 181 
144 181 182 
145 144 182 
145 182 183 
146 145 183 
146 183 184 
147 146 184 
148 185 186 
149 148 186 
149 186 187 
150 149 187 
150 187 188 
151 150 188 
151 188 189 
152 151 189 
152 189 190 
153 152 190 
153 190 191 
154 153 191 
154 191 192 
155 154 192 
155 192 193 
156 155 193 
156 193 194 
157 156 194 
157 194 195 
158 157 195 
158 195 196 
159 158 196 
159 196 197 
160 159 197 
160 197 198 
161 160 198 
161 198 199 
162 161 199 
162 199 200 
163 162 200 
163 200 201 
164 163 201 
164 201 202 
165 164 202 
165 202 203 
166 165 203 
166 203 204 
167 166 204 
167 204 205 
168 167 205 
168 205 206 
169 168 206 
169 206 207 
170 169 207 
170 207 208 
171 170 208 
171 208 209 
172 171 209 
172 209 210 
173 172 210 
173 210 211 
174 173 211 
174 211 212 
175 174 212 
175 212 213 
176 175 213 
176 213 214 
177 176 214 
177 214 215 
178 177 215 
178 215 216 
179 178 216 
179 216 217 
180 179 217 
180 217 218 
181 180 218 
181 218 219 
182 181 219 
182 219 220 
183 182 220 
183 220 221 
184 183 221 
185 222 223 
186 185 223 
186 223 224 
187 186 224 
187 224 225 
188 187 225 
188 225 226 
189 188 226 
189 226 227 
190 189 227 
190 227 228 
191 190 228 
191 228 229 
192 191 229 
192 229 230 
193 192 230 
193 230 231 
194 193 231 
194 231 232 
195 194 232 
195 232 233 
196 195 233 
196 233 234 
197 196 234 
197 234 235 
198 197 235 
198 235 236 
199 198 236 
199 236 237 
200 199 237 
200 237 238 
201 200 238 
201 238 239 
202 201 239 
202 239 240 
203 202 240 
203 240 241 
204 203 241 
204 241 242 
205 204 242 
205 242 243 
206 205 243 
206 243 244 
207 206 244 
207 244 245 
208 207 245 
208 245 246 
209 208 246 
209 246 247 
210 209 247 
210 247 248 
211 210 248 
211 248 249 
212 211 249 
212 249 250 
213 212 250 
213 250 251 
214 213 251 
214 251 252 
215 214 252 
215 252 253 
216 215 253 
216 253 254 
217 216 254 
217 254 255 
218 217 255 
218 255 256 
219 218 256 
219 256 257 
220 219 257 
220 257 258 
221 220 258 
222 259 260 
223 222 260 
223 260 261 
224 223 261 
224 261 262 
225 224 262 
225 262 263 
226 225 263 
226 263 264 
227 226 264 
227 264 265 
228 227 265 
228 265 266 
229 228 266 
229 266 267 
230 229 267 
230 267 268 
231 230 268 
231 268 269 
232 231 269 
232 269 270 
233 232 270 
233 270 271 
234 233 271 
234 271 272 
235 234 272 
235 272 273 
236 235 273 
236 273 274 
237 236 274 
237 274 275 
238 237 275 
238 275 276 
239 238 276 
239 276 277 
240 239 277 
240 277 278 
241 240 278 
241 278 279 
242 241 279 
242 279 280 
243 242 280 
243 280 281 
244 243 281 
244 281 282 
245 244 282 
245 282 283 
246 245 283 
246 283 284 
247 246 284 
247 284 285 
248 247 285 
248 285 286 
249 248 286 
249 286 287 
250 249 287 
250 287 288 
251 250 288 
251 288 289 
252 251 289 
252 289 290 
253 252 290 
253 290 291 
254 253 291 
254 291 292 
255 254 292 
255 292 293 
256 255 293 
256 293 294 
257 256 294 
257 294 295 
258 257 295 
259 296 297 
260 259 297 
260 297 298 
261 260 298 
261 298 299 
262 261 299 
262 299 300 
263 262 300 
263 300 301 
264 263 301 
264 301 302 
265 264 302 
265 302 303 
266 265 303 
266 303 304 
267 266 304 
267 304 305 
268 267 305 
268 305 306 
269 268 306 
269 306 307 
270 269 307 
270 307 308 
271 270 308 
271 308 309 
272 271 309 
272 309 310 
273 272 310 
273 310 311 
274 273 311 
274 311 312 
275 274 312 
275 312 313 
276 275 313 
276 313 314 
277 276 314 
277 314 315 
278 277 315 
278 315 316 
279 278 316 
279 316 317 
280 279 317 
280 317 318 
281 280 318 
281 318 319 
282 281 319 
282 319 320 
283 282 320 
283 320 321 
284 283 321 
284 321 322 
285 284 322 
285 322 323 
286 285 323 
286 323 324 
287 286 324 
287 324 325 
288 287 325 
288 325 326 
289 288 326 
289 326 327 
290 289 327 
290 327 328 
291 290 328 
291 328 329 
292 291 329 
292 329 330 
293 292 330 
293 330 331 
294 293 331 
294 331 332 
295 294 332 
296 333 334 
297 296 334 
297 334 335 
298 297 335 
298 335 336 
299 298 336 
299 336 337 
300 299 337 
300 337 338 
301 300 338 
301 338 339 
302 301 339 
302 339 340 
303 302 340 
303 340 341 
304 303 341 
304 341 342 
305 304 342 
305 342 343 
306 305 343 
306 343 344 
307 306 344 
307 344 345 
308 307 345 
308 345 346 
309 308 346 
309 346 347 
310 309 347 
310 347 348 
311 310 348 
311 348 349 
312 311 349 
312 349 350 
313 312 350 
313 350 351 
314 313 351 
314 351 352 
315 314 352 
315 352 353 
316 315 353 
316 353 354 
317 316 354 
317 354 355 
318 317 355 
318 355 356 
319 318 356 
319 356 357 
320 319 357 
320 357 358 
321 320 358 
321 358 359 
322 321 359 
322 359 360 
323 322 360 
323 360 361 
324 323 361 
324 361 362 
325 324 362 
325 362 363 
326 325 363 
326 363 364 
327 326 364 
327 364 365 
328 327 365 
328 365 366 
329 328 366 
329 366 367 
330 329 367 
330 367 368 
331 330 368 
331 368 369 
332 331 369 
333 370 371 
334 333 371 
334 371 372 
335 334 372 
335 372 373 
336 335 373 
336 373 374 
337 336 374 
337 374 375 
338 337 375 
338 375 376 
339 338 376 
339 376 377 
340 339 377 
340 377 378 
341 340 378 
341 378 379 
342 341 379 
342 379 380 
343 342 380 
343 380 381 
344 343 381 
344 381 382 
345 344 382 
345 382 383 
346 345 383 
346 383 384 
347 346 384 
347 384 385 
348 347 385 
348 385 386 
349 348 386 
349 386 387 
350 349 387 
350 387 388 
351 350 388 
351 388 389 
352 351 389 
352 389 390 
353 352 390 
353 390 391 
354 353 391 
354 391 392 
355 354 392 
355 392 393 
356 355 393 
356 393 394 
357 356 394 
357 394 395 
358 357 395 
358 395 396 
359 358 396 
359 396 397 
360 359 397 
360 397 398 
361 360 398 
361 398 399 
362 361 399 
362 399 400 
363 362 400 
363 400 401 
364 363 401 
364 401 402 
365 364 402 
365 402 403 
366 365 403 
366 403 404 
367 366 404 
367 404 405 
368 367 405 
368 405 406 
369 368 406 
370 407 408 
371 370 408 
371 408 409 
372 371 409 
372 409 410 
373 372 410 
373 410 411 
374 373 411 
374 411 412 
375 374 412 
375 412 413 
376 375 413 
376 413 414 
377 376 414 
377 414 415 
378 377 415 
378 415 416 
379 378 416 
379 416 417 
380 379 417 
380 417 418 
381 380 418 
381 418 419 
382 381 419 
382 419 420 
383 382 420 
383 420 421 
384 383 421 
384 421 422 
385 384 422 
385 422 423 
386 385 423 
386 423 424 
387 386 424 
387 424 425 
388 387 425 
388 425 426 
389 388 426 
389 426 427 
390 389 427 
390 427 428 
391 390 428 
391 428 429 
392 391 429 
392 429 430 
393 392 430 
393 430 431 
394 393 431 
394 431 432 
395 394 432 
395 432 433 
396 395 433 
396 433 434 
397 396 434 
397 434 435 
398 397 435 
398 435 436 
399 398 436 
399 436 437 
400 399 437 
400 437 438 
401 400 438 
401 438 439 
402 401 439 
402 439 440 
403 402 440 
403 440 441 
404 403 441 
404 441 442 
405 404 442 
405 442 443 
406 405 443 
407 444 445 
408 407 445 
408 445 446 
409 408 446 
409 446 447 
410 409 447 
410 447 448 
411 410 448 
411 448 449 
412 411 449 
412 449 450 
413 412 450 
413 450 451 
414 413 451 
414 451 452 
415 414 452 
415 452 453 
416 415 453 
416 453 454 
417 416 454 
417 454 455 
418 417 455 
418 455 456 
419 418 456 
419 456 457 
420 419 457 
420 457 458 
421 420 458 
421 458 459 
422 421 459 
422 459 460 
423 422 460 
423 460 461 
424 423 461 
424 461 462 
425 424 462 
425 462 463 
426 425 463 
426 463 464 
427 426 464 
427 464 465 
428 427 465 
428 465 466 
429 428 466 
429 466 467 
430 429 467 
430 467 468 
431 430 468 
431 468 469 
432 431 469 
432 469 470 
433 432 470 
433 470 471 
434 433 471 
434 471 472 
435 434 472 
435 472 473 
436 435 473 
436 473 474 
437 436 474 
437 474 475 
438 437 475 
438 475 476 
439 438 476 
439 476 477 
440 439 477 
440 477 478 
441 440 478 
441 478 479 
442 441 479 
442 479 480 
443 442 480 
444 481 482 
445 444 482 
445 482 483 
446 445 483 
446 483 484 
447 446 484 
447 484 485 
448 447 485 
448 485 486 
449 448 486 
449 486 487 
450 449 487 
450 487 488 
451 450 488 
451 488 489 
452 451 489 
452 489 490 
453 452 490 
453 490 491 
454 453 491 
454 491 492 
455 454 492 
455 492 493 
456 455 493 
456 493 494 
457 456 494 
457 494 495 
458 457 495 
458 495 496 
459 458 496 
459 496 497 
460 459 497 
460 497 498 
461 460 498 
461 498 499 
462 461 499 
462 499 500 
463 462 500 
463 500 501 
464 463 501 
464 501 502 
465 464 502 
465 502 503 
466 465 503 
466 503 504 
467 466 504 
467 504 505 
468 467 505 
468 505 506 
469 468 506 
469 506 507 
470 469 507 
470 507 508 
471 470 508 
471 508 509 
472 471 509 
472 509 510 
473 472 510 
473 510 511 
474 473 511 
474 511 512 
475 474 512 
475 512 513 
476 475 513 
476 513 514 
477 476 514 
477 514 515 
478 477 515 
478 515 516 
479 478 516 
479 516 517 
480 479 517 
481 518 519 
482 481 519 
482 519 520 
483 482 520 
483 520 521 
484 483 521 
484 521 522 
485 484 522 
485 522 523 
486 485 523 
486 523 524 
487 486 524 
487 524 525 
488 487 525 
488 525 526 
489 488 526 
489 526 527 
490 489 527 
490 527 528 
491 490 528 
491 528 529 
492 491 529 
492 529 530 
493 492 530 
493 530 531 
494 493 531 
494 531 532 
495 494 532 
495 532 533 
496 495 533 
496 533 534 
497 496 534 
497 534 535 
498 497 535 
498 535 536 
499 498 536 
499 536 537 
500 499 537 
500 537 538 
501 500 538 
501 538 539 
502 501 539 
502 539 540 
503 502 540 
503 540 541 
504 503 541 
504 541 542 
505 504 542 
505 542 543 
506 505 543 
506 543 544 
507 506 544 
507 544 545 
508 507 545 
508 545 546 
509 508 546 
509 546 547 
510 509 547 
510 547 548 
511 510 548 
511 548 549 
512 511 549 
512 549 550 
513 512 550 
513 550 551 
514 513 551 
514 551 552 
515 514 552 
515 552 553 
516 515 553 
516 553 554 
517 516 554 
518 555 556 
519 518 556 
519 556 557 
520 519 557 
520 557 558 
521 520 558 
521 558 559 
522 521 559 
522 559 560 
523 522 560 
523 560 561 
524 523 561 
524 561 562 
525 524 562 
525 562 563 
526 525 563 
526 563 564 
527 526 564 
527 564 565 
528 527 565 
528 565 566 
529 528 566 
529 566 567 
530 529 567 
530 567 568 
531 530 568 
531 568 569 
532 531 569 
532 569 570 
533 532 570 
533 570 571 
534 533 571 
534 571 572 
535 534 572 
535 572 573 
536 535 573 
536 573 574 
537 536 574 
537 574 575 
538 537 575 
538 575 576 
539 538 576 
539 576 577 
540 539 577 
540 577 578 
541 540 578 
541 578 579 
542 541 579 
542 579 580 
543 542 580 
543 580 581 
544 543 581 
544 581 582 
545 544 582 
545 582 583 
546 545 583 
546 583 584 
547 546 584 
547 584 585 
548 547 585 
548 585 586 
549 548 586 
549 586 587 
550 549 587 
550 587 588 
551 550 588 
551 588 589 
552 551 589 
552 589 590 
553 552 590 
553 590 591 
554 553 591 
555 592 593 
556 555 593 
556 593 594 
557 556 594 
557 594 595 
558 557 595 
558 595 596 
559 558 596 
559 596 597 
560 559 597 
560 597 598 
561 560 598 
561 598 599 
562 561 599 
562 599 600 
563 562 600 
563 600 601 
564 563 601 
564 601 602 
565 564 602 
565 602 603 
566 565 603 
566 603 604 
567 566 604 
567 604 605 
568 567 605 
568 605 606 
569 568 606 
569 606 607 
570 569 607 
570 607 608 
571 570 608 
571 608 609 
572 571 609 
572 609 610 
573 572 610 
573 610 611 
574 573 611 
574 611 612 
575 574 612 
575 612 613 
576 575 613 
576 613 614 
577 576 614 
577 614 615 
578 577 615 
578 615 616 
579 578 616 
579 616 617 
580 579 617 
580 617 618 
581 580 618 
581 618 619 
582 581 619 
582 619 620 
583 582 620 
583 620 621 
584 583 621 
584 621 622 
585 584 622 
585 622 623 
586 585 623 
586 623 624 
587 586 624 
587 624 625 
588 587 625 
588 625 626 
589 588 626 
589 626 627 
590 589 627 
590 627 628 
591 590 628 
592 629 630 
593 592 630 
593 630 631 
594 593 631 
594 631 632 
595 594 632 
595 632 633 
596 595 633 
596 633 634 
597 596 634 
597 634 635 
598 597 635 
598 635 636 
599 598 636 
599 636 637 
600 599 637 
600 637 638 
601 600 638 
601 638 639 
602 601 639 
602 639 640 
603 602 640 
603 640 641 
604 603 641 
604 641 642 
605 604 642 
605 642 643 
606 605 643 
606 643 644 
607 606 644 
607 644 645 
608 607 645 
608 645 646 
609 608 646 
609 646 647 
610 609 647 
610 647 648 
611 610 648 
611 648 649 
612 611 649 
612 649 650 
613 612 650 
613 650 651 
614 613 651 
614 651 652 
615 614 652 
615 652 653 
616 615 653 
616 653 654 
617 616 654 
617 654 655 
618 617 655 
618 655 656 
619 618 656 
619 656 657 
620 619 657 
620 657 658 
621 620 658 
621 658 659 
622 621 659 
622 659 660 
623 622 660 
623 660 661 
624 623 661 
624 661 662 
625 624 662 
625 662 663 
626 625 663 
626 663 664 
627 626 664 
627 664 665 
628 627 665 
629 666 667 
630 629 667 
630 667 668 
631 630 668 
631 668 669 
632 631 669 
632 669 670 
633 632 670 
633 670 671 
634 633 671 
634 671 672 
635 634 672 
635 672 673 
636 635 673 
636 673 674 
637 636 674 
637 674 675 
638 637 675 
638 675 676 
639 638 676 
639 676 677 
640 639 677 
640 677 678 
641 640 678 
641 678 679 
642 641 679 
642 679 680 
643 642 680 
643 680 681 
644 643 681 
644 681 682 
645 644 682 
645 682 683 
646 645 683 
646 683 684 
647 646 684 
647 684 685 
648 647 685 
648 685 686 
649 648 686 
649 686 687 
650 649 687 
650 687 688 
651 650 688 
651 688 689 
652 651 689 
652 689 690 
653 652 690 
653 690 691 
654 653 691 
654 691 692 
655 654 692 
655 692 693 
656 655 693 
656 693 694 
657 656 694 
657 694 695 
658 657 695 
658 695 696 
659 658 696 
659 696 697 
660 659 697 
660 697 698 
661 660 698 
661 698 699 
662 661 699 
662 699 700 
663 662 700 
663 700 701 
664 663 701 
664 701 702 
665 664 702 
666 703 704 
667 666 704 
667 704 705 
668 667 705 
668 705 706 
669 668 706 
669 706 707 
670 669 707 
670 707 708 
671 670 708 
671 708 709 
672 671 709 
672 709 710 
673 672 710 
673 710 711 
674 673 711 
674 711 712 
675 674 712 
675 712 713 
676 675 713 
676 713 714 
677 676 714 
677 714 715 
678 677 715 
678 715 716 
679 678 716 
679 716 717 
680 679 717 
680 717 718 
681 680 718 
681 718 719 
682 681 719 
682 719 720 
683 682 720 
683 720 721 
684 683 721 
684 721 722 
685 684 722 
685 722 723 
686 685 723 
686 723 724 
687 686 724 
687 724 725 
688 687 725 
688 725 726 
689 688 726 
689 726 727 
690 689 727 
690 727 728 
691 690 728 
691 728 729 
692 691 729 
692 729 730 
693 692 730 
693 730 731 
694 693 731 
694 731 732 
695 694 732 
695 732 733 
696 695 733 
696 733 734 
697 696 734 
697 734 735 
698 697 735 
698 735 736 
699 698 736 
699 736 737 
700 699 737 
700 737 738 
701 700 738 
701 738 739 
702 701 739 
703 740 741 
704 703 741 
704 741 742 
705 704 742 
705 742 743 
706 705 743 
706 743 744 
707 706 744 
707 744 745 
708 707 745 
708 745 746 
709 708 746 
709 746 747 
710 709 747 
710 747 748 
711 710 748 
711 748 749 
712 711 749 
712 749 750 
713 712 750 
713 750 751 
714 713 751 
714 751 752 
715 714 752 
715 752 753 
716 715 753 
716 753 754 
717 716 754 
717 754 755 
718 717 755 
718 755 756 
719 718 756 
719 756 757 
720 719 757 
720 757 758 
721 720 758 
721 758 759 
722 721 759 
722 759 760 
723 722 760 
723 760 761 
724 723 761 
724 761 762 
725 724 762 
725 762 763 
726 725 763 
726 763 764 
727 726 764 
727 764 765 
728 727 765 
728 765 766 
729 728 766 
729 766 767 
730 729 767 
730 767 768 
731 730 768 
731 768 769 
732 731 769 
732 769 770 
733 732 770 
733 770 771 
734 733 771 
734 771 772 
735 734 772 
735 772 773 
736 735 773 
736 773 774 
737 736 774 
737 774 775 
738 737 775 
738 775 776 
739 738 776 
740 777 778 
741 740 778 
741 778 779 
742 741 779 
742 779 780 
743 742 780 
743 780 781 
744 743 781 
744 781 782 
745 744 782 
745 782 783 
746 745 783 
746 783 784 
747 746 784 
747 784 785 
748 747 785 
748 785 786 
749 748 786 
749 786 787 
750 749 787 
750 787 788 
751 750 788 
751 788 789 
752 751 789 
752 789 790 
753 752 790 
753 790 791 
754 753 791 
754 791 792 
755 754 792 
755 792 793 
756 755 793 
756 793 794 
757 756 794 
757 794 795 
758 757 795 
758 795 796 
759 758 796 
759 796 797 
760 759 797 
760 797 798 
761 760 798 
761 798 799 
762 761 799 
762 799 800 
763 762 800 
763 800 801 
764 763 801 
764 801 802 
765 764 802 
765 802 803 
766 765 803 
766 803 804 
767 766 804 
767 804 805 
768 767 805 
768 805 806 
769 768 806 
769 806 807 
770 769 807 
770 807 808 
771 770 808 
771 808 809 
772 771 809 
772 809 810 
773 772 810 
773 810 811 
774 773 811 
774 811 812 
775 774 812 
775 812 813 
776 775 813 
777 814 815 
778 777 815 
778 815 816 
779 778 816 
779 816 817 
780 779 817 
780 817 818 
781 780 818 
781 818 819 
782 781 819 
782 819 820 
783 782 820 
783 820 821 
784 783 821 
784 821 822 
785 784 822 
785 822 823 
786 785 823 
786 823 824 
787 786 824 
787 824 825 
788 787 825 
788 825 826 
789 788 826 
789 826 827 
790 789 827 
790 827 828 
791 790 828 
791 828 829 
792 791 829 
792 829 830 
793 792 830 
793 830 831 
794 793 831 
794 831 832 
795 794 832 
795 832 833 
796 795 833 
796 833 834 
797 796 834 
797 834 835 
798 797 835 
798 835 836 
799 798 836 
799 836 837 
800 799 837 
800 837 838 
801 800 838 
801 838 839 
802 801 839 
802 839 840 
803 802 840 
803 840 841 
804 803 841 
804 841 842 
805 804 842 
805 842 843 
806 805 843 
806 843 844 
807 806 844 
807 844 845 
808 807 845 
808 845 846 
809 808 846 
809 846 847 
810 809 847 
810 847 848 
811 810 848 
811 848 849 
812 811 849 
812 849 850 
813 812 850 
814 851 852 
815 814 852 
815 852 853 
816 815 853 
816 853 854 
817 816 854 
817 854 855 
818 817 855 
818 855 856 
819 818 856 
819 856 857 
820 819 857 
820 857 858 
821 820 858 
821 858 859 
822 821 859 
822 859 860 
823 822 860 
823 860 861 
824 823 861 
824 861 862 
825 824 862 
825 862 863 
826 825 863 
826 863 864 
827 826 864 
827 864 865 
828 827 865 
828 865 866 
829 828 866 
829 866 867 
830 829 867 
830 867 868 
831 830 868 
831 868 869 
832 831 869 
832 869 870 
833 832 870 
833 870 871 
834 833 871 
834 871 872 
835 834 872 
835 872 873 
836 835 873 
836 873 874 
837 836 874 
837 874 875 
838 837 875 
838 875 876 
839 838 876 
839 876 877 
840 839 877 
840 877 878 
841 840 878 
841 878 879 
842 841 879 
842 879 880 
843 842 880 
843 880 881 
844 843 881 
844 881 882 
845 844 882 
845 882 883 
846 845 883 
846 883 884 
847 846 884 
847 884 885 
848 847 885 
848 885 886 
849 848 886 
849 886 887 
850 849 887 
851 888 889 
852 851 889 
852 889 890 
853 852 890 
853 890 891 
854 853 891 
854 891 892 
855 854 892 
855 892 893 
856 855 893 
856 893 894 
857 856 894 
857 894 895 
858 857 895 
858 895 896 
859 858 896 
859 896 897 
860 859 897 
860 897 898 
861 860 898 
861 898 899 
862 861 899 
862 899 900 
863 862 900 
863 900 901 
864 863 901 
864 901 902 
865 864 902 
865 902 903 
866 865 903 
866 903 904 
867 866 904 
867 904 905 
868 867 905 
868 905 906 
869 868 906 
869 906 907 
870 869 907 
870 907 908 
871 870 908 
871 908 909 
872 871 909 
872 909 910 
873 872 910 
873 910 911 
874 873 911 
874 911 912 
875 874 912 
875 912 913 
876 875 913 
876 913 914 
877 876 914 
877 914 915 
878 877 915 
878 915 916 
879 878 916 
879 916 917 
880 879 917 
880 917 918 
881 880 918 
881 918 919 
882 881 919 
882 919 920 
883 882 920 
883 920 921 
884 883 921 
884 921 922 
885 884 922 
885 922 923 
886 885 923 
886 923 924 
887 886 924 
888 925 926 
889 888 926 
889 926 927 
890 889 927 
890 927 928 
891 890 928 
891 928 929 
892 891 929 
892 929 930 
893 892 930 
893 930 931 
894 893 931 
894 931 932 
895 894 932 
895 932 933 
896 895 933 
896 933 934 
897 896 934 
897 934 935 
898 897 935 
898 935 936 
899 898 936 
899 936 937 
900 899 937 
900 937 938 
901 900 938 
901 938 939 
902 901 939 
902 939 940 
903 902 940 
903 940 941 
904 903 941 
904 941 942 
905 904 942 
905 942 943 
906 905 943 
906 943 944 
907 906 944 
907 944 945 
908 907 945 
908 945 946 
909 908 946 
909 946 947 
910 909 947 
910 947 948 
911 910 948 
911 948 949 
912 911 949 
912 949 950 
913 912 950 
913 950 951 
914 913 951 
914 951 952 
915 914 952 
915 952 953 
916 915 953 
916 953 954 
917 916 954 
917 954 955 
918 917 955 
918 955 956 
919 918 956 
919 956 957 
920 919 957 
920 957 958 
921 920 958 
921 958 959 
922 921 959 
922 959 960 
923 922 960 
923 960 961 
924 923 961 
925 962 963 
926 925 963 
926 963 964 
927 926 964 
927 964 965 
928 927 965 
928 965 966 
929 928 966 
929 966 967 
930 929 967 
930 967 968 
931 930 968 
931 968 969 
932 931 969 
932 969 970 
933 932 970 
933 970 971 
934 933 971 
934 971 972 
935 934 972 
935 972 973 
936 935 973 
936 973 974 
937 936 974 
937 974 975 
938 937 975 
938 975 976 
939 938 976 
939 976 977 
940 939 977 
940 977 978 
941 940 978 
941 978 979 
942 941 979 
942 979 980 
943 942 980 
943 980 981 
944 943 981 
944 981 982 
945 944 982 
945 982 983 
946 945 983 
946 983 984 
947 946 984 
947 984 985 
948 947 985 
948 985 986 
949 948 986 
949 986 987 
950 949 987 
950 987 988 
951 950 988 
951 988 989 
952 951 989 
952 989 990 
953 952 990 
953 990 991 
954 953 991 
954 991 992 
955 954 992 
955 992 993 
956 955 993 
956 993 994 
957 956 994 
957 994 995 
958 957 995 
958 995 996 
959 958 996 
959 996 997 
960 959 997 
960 997 998 
961 960 998 
962 999 1000 
963 962 1000 
963 1000 1001 
964 963 1001 
964 1001 1002 
965 964 1002 
965 1002 1003 
966 965 1003 
966 1003 1004 
967 966 1004 
967 1004 1005 
968 967 1005 
968 1005 1006 
969 968 1006 
969 1006 1007 
970 969 1007 
970 1007 1008 
971 970 1008 
971 1008 1009 
972 971 1009 
972 1009 1010 
973 972 1010 
973 1010 1011 
974 973 1011 
974 1011 1012 
975 974 1012 
975 1012 1013 
976 975 1013 
976 1013 1014 
977 976 1014 
977 1014 1015 
978 977 1015 
978 1015 1016 
979 978 1016 
979 1016 1017 
980 979 1017 
980 1017 1018 
981 980 1018 
981 1018 1019 
982 981 1019 
982 1019 1020 
983 982 1020 
983 1020 1021 
984 983 1021 
984 1021 1022 
985 984 1022 
985 1022 1023 
986 985 1023 
986 1023 1024 
987 986 1024 
987 1024 1025 
988 987 1025 
988 1025 1026 
989 988 1026 
989 1026 1027 
990 989 1027 
990 1027 1028 
991 990 1028 
991 1028 1029 
992 991 1029 
992 1029 1030 
993 992 1030 
993 1030 1031 
994 993 1031 
994 1031 1032 
995 994 1032 
995 1032 1033 
996 995 1033 
996 1033 1034 
997 996 1034 
997 1034 1035 
998 997 1035 
999 1036 1037 
1000 999 1037 
1000 1037 1038 
1001 1000 1038 
1001 1038 1039 
1002 1001 1039 
1002 1039 1040 
1003 1002 1040 
1003 1040 1041 
1004 1003 1041 
1004 1041 1042 
1005 1004 1042 
1005 1042 1043 
1006 1005 1043 
1006 1043 1044 
1007 1006 1044 
1007 1044 1045 
1008 1007 1045 
1008 1045 1046 
1009 1008 1046 
1009 1046 1047 
1010 1009 1047 
1010 1047 1048 
1011 1010 1048 
1011 1048 1049 
1012 1011 1049 
1012 1049 1050 
1013 1012 1050 
1013 1050 1051 
1014 1013 1051 
1014 1051 1052 
1015 1014 1052 
1015 1052 1053 
1016 1015 1053 
1016 1053 1054 
1017 1016 1054 
1017 1054 1055 
1018 1017 1055 
1018 1055 1056 
1019 1018 1056 
1019 1056 1057 
1020 1019 1057 
1020 1057 1058 
1021 1020 1058 
1021 1058 1059 
1022 1021 1059 
1022 1059 1060 
1023 1022 1060 
1023 1060 1061 
1024 1023 1061 
1024 1061 1062 
1025 1024 1062 
1025 1062 1063 
1026 1025 1063 
1026 1063 1064 
1027 1026 1064 
1027 1064 1065 
1028 1027 1065 
1028 1065 1066 
1029 1028 1066 
1029 1066 1067 
1030 1029 1067 
1030 1067 1068 
1031 1030 1068 
1031 1068 1069 
1032 1031 1069 
1032 1069 1070 
1033 1032 1070 
1033 1070 1071 
1034 1033 1071 
1034 1071 1072 
1035 1034 1072 
1036 1073 1074 
1037 1036 1074 
1037 1074 1075 
1038 1037 1075 
1038 1075 1076 
1039 1038 1076 
1039 1076 1077 
1040 1039 1077 
1040 1077 1078 
1041 1040 1078 
1041 1078 1079 
1042 1041 1079 
1042 1079 1080 
1043 1042 1080 
1043 1080 1081 
1044 1043 1081 
1044 1081 1082 
1045 1044 1082 
1045 1082 1083 
1046 1045 1083 
1046 1083 1084 
1047 1046 1084 
1047 1084 1085 
1048 1047 1085 
1048 1085 1086 
1049 1048 1086 
1049 1086 1087 
1050 1049 1087 
1050 1087 1088 
1051 1050 1088 
1051 1088 1089 
1052 1051 1089 
1052 1089 1090 
1053 1052 1090 
1053 1090 1091 
1054 1053 1091 
1054 1091 1092 
1055 1054 1092 
1055 1092 1093 
1056 1055 1093 
1056 1093 1094 
1057 1056 1094 
1057 1094 1095 
1058 1057 1095 
1058 1095 1096 
1059 1058 1096 
1059 1096 1097 
1060 1059 1097 
1060 1097 1098 
1061 1060 1098 
1061 1098 1099 
1062 1061 1099 
1062 1099 1100 
1063 1062 1100 
1063 1100 1101 
1064 1063 1101 
1064 1101 1102 
1065 1064 1102 
1065 1102 1103 
1066 1065 1103 
1066 1103 1104 
1067 1066 1104 
1067 1104 1105 
1068 1067 1105 
1068 1105 1106 
1069 1068 1106 
1069 1106 1107 
1070 1069 1107 
1070 1107 1108 
1071 1070 1108 
1071 1108 1109 
1072 1071 1109 
1073 1110 1111 
1074 1073 1111 
1074 1111 1112 
1075 1074 1112 
1075 1112 1113 
1076 1075 1113 
1076 1113 1114 
1077 1076 1114 
1077 1114 1115 
1078 1077 1115 
1078 1115 1116 
1079 1078 1116 
1079 1116 1117 
1080 1079 1117 
1080 1117 1118 
1081 1080 1118 
1081 1118 1119 
1082 1081 1119 
1082 1119 1120 
1083 1082 1120 
1083 1120 1121 
1084 1083 1121 
1084 1121 1122 
1085 1084 1122 
1085 1122 1123 
1086 1085 1123 
1086 1123 1124 
1087 1086 1124 
1087 1124 1125 
1088 1087 1125 
1088 1125 1126 
1089 1088 1126 
1089 1126 1127 
1090 1089 1127 
1090 1127 1128 
1091 1090 1128 
1091 1128 1129 
1092 1091 1129 
1092 1129 1130 
1093 1092 1130 
1093 1130 1131 
1094 1093 1131 
1094 1131 1132 
1095 1094 1132 
1095 1132 1133 
1096 1095 1133 
1096 1133 1134 
1097 1096 1134 
1097 1134 1135 
1098 1097 1135 
1098 1135 1136 
1099 1098 1136 
1099 1136 1137 
1100 1099 1137 
1100 1137 1138 
1101 1100 1138 
1101 1138 1139 
1102 1101 1139 
1102 1139 1140 
1103 1102 1140 
1103 1140 1141 
1104 1103 1141 
1104 1141 1142 
1105 1104 1142 
1105 1142 1143 
1106 1105 1143 
1106 1143 1144 
1107 1106 1144 
1107 1144 1145 
1108 1107 1145 
1108 1145 1146 
1109 1108 1146 
1110 1147 1148 
1111 1110 1148 
1111 1148 1149 
1112 1111 1149 
1112 1149 1150 
1113 1112 1150 
1113 1150 1151 
1114 1113 1151 
1114 1151 1152 
1115 1114 1152 
1115 1152 1153 
1116 1115 1153 
1116 1153 1154 
1117 1116 1154 
1117 1154 1155 
1118 1117 1155 
1118 1155 1156 
1119 1118 1156 
1119 1156 1157 
1120 1119 1157 
1120 1157 1158 
1121 1120 1158 
1121 1158 1159 
1122 1121 1159 
1122 1159 1160 
1123 1122 1160 
1123 1160 1161 
1124 1123 1161 
1124 1161 1162 
1125 1124 1162 
1125 1162 1163 
1126 1125 1163 
1126 1163 1164 
1127 1126 1164 
1127 1164 1165 
1128 1127 1165 
1128 1165 1166 
1129 1128 1166 
1129 1166 1167 
1130 1129 1167 
1130 1167 1168 
1131 1130 1168 
1131 1168 1169 
1132 1131 1169 
1132 1169 1170 
1133 1132 1170 
1133 1170 1171 
1134 1133 1171 
1134 1171 1172 
1135 1134 1172 
1135 1172 1173 
1136 1135 1173 
1136 1173 1174 
1137 1136 1174 
1137 1174 1175 
1138 1137 1175 
1138 1175 1176 
1139 1138 1176 
1139 1176 1177 
1140 1139 1177 
1140 1177 1178 
1141 1140 1178 
1141 1178 1179 
1142 1141 1179 
1142 1179 1180 
1143 1142 1180 
1143 1180 1181 
1144 1143 1181 
1144 1181 1182 
1145 1144 1182 
1145 1182 1183 
1146 1145 1183 
1147 1184 1185 
1148 1147 1185 
1148 1185 1186 
1149 1148 1186 
1149 1186 1187 
1150 1149 1187 
1150 1187 1188 
1151 1150 1188 
1151 1188 1189 
1152 1151 1189 
1152 1189 1190 
1153 1152 1190 
1153 1190 1191 
1154 1153 1191 
1154 1191 1192 
1155 1154 1192 
1155 1192 1193 
1156 1155 1193 
1156 1193 1194 
1157 1156 1194 
1157 1194 1195 
1158 1157 1195 
1158 1195 1196 
1159 1158 1196 
1159 1196 1197 
1160 1159 1197 
1160 1197 1198 
1161 1160 1198 
1161 1198 1199 
1162 1161 1199 
1162 1199 1200 
1163 1162 1200 
1163 1200 1201 
1164 1163 1201 
1164 1201 1202 
1165 1164 1202 
1165 1202 1203 
1166 1165 1203 
1166 1203 1204 
1167 1166 1204 
1167 1204 1205 
1168 1167 1205 
1168 1205 1206 
1169 1168 1206 
1169 1206 1207 
1170 1169 1207 
1170 1207 1208 
1171 1170 1208 
1171 1208 1209 
1172 1171 1209 
1172 1209 1210 
1173 1172 1210 
1173 1210 1211 
1174 1173 1211 
1174 1211 1212 
1175 1174 1212 
1175 1212 1213 
1176 1175 1213 
1176 1213 1214 
1177 1176 1214 
1177 1214 1215 
1178 1177 1215 
1178 1215 1216 
1179 1178 1216 
1179 1216 1217 
1180 1179 1217 
1180 1217 1218 
1181 1180 1218 
1181 1218 1219 
1182 1181 1219 
1182 1219 1220 
1183 1182 1220 
1184 1221 1222 
1185 1184 1222 
1185 1222 1223 
1186 1185 1223 
1186 1223 1224 
1187 1186 1224 
1187 1224 1225 
1188 1187 1225 
1188 1225 1226 
1189 1188 1226 
1189 1226 1227 
1190 1189 1227 
1190 1227 1228 
1191 1190 1228 
1191 1228 1229 
1192 1191 1229 
1192 1229 1230 
1193 1192 1230 
1193 1230 1231 
1194 1193 1231 
1194 1231 1232 
1195 1194 1232 
1195 1232 1233 
1196 1195 1233 
1196 1233 1234 
1197 1196 1234 
1197 1234 1235 
1198 1197 1235 
1198 1235 1236 
1199 1198 1236 
1199 1236 1237 
1200 1199 1237 
1200 1237 1238 
1201 1200 1238 
1201 1238 1239 
1202 1201 1239 
1202 1239 1240 
1203 1202 1240 
1203 1240 1241 
1204 1203 1241 
1204 1241 1242 
1205 1204 1242 
1205 1242 1243 
1206 1205 1243 
1206 1243 1244 
1207 1206 1244 
1207 1244 1245 
1208 1207 1245 
1208 1245 1246 
1209 1208 1246 
1209 1246 1247 
1210 1209 1247 
1210 1247 1248 
1211 1210 1248 
1211 1248 1249 
1212 1211 1249 
1212 1249 1250 
1213 1212 1250 
1213 1250 1251 
1214 1213 1251 
1214 1251 1252 
1215 1214 1252 
1215 1252 1253 
1216 1215 1253 
1216 1253 1254 
1217 1216 1254 
1217 1254 1255 
1218 1217 1255 
1218 1255 1256 
1219 1218 1256 
1219 1256 1257 
1220 1219 1257 
1221 1258 1259 
1222 1221 1259 
1222 1259 1260 
1223 1222 1260 
1223 1260 1261 
1224 1223 1261 
1224 1261 1262 
1225 1224 1262 
1225 1262 1263 
1226 1225 1263 
1226 1263 1264 
1227 1226 1264 
1227 1264 1265 
1228 1227 1265 
1228 1265 1266 
1229 1228 1266 
1229 1266 1267 
1230 1229 1267 
1230 1267 1268 
1231 1230 1268 
1231 1268 1269 
1232 1231 1269 
1232 1269 1270 
1233 1232 1270 
1233 1270 1271 
1234 1233 1271 
1234 1271 1272 
1235 1234 1272 
1235 1272 1273 
1236 1235 1273 
1236 1273 1274 
1237 1236 1274 
1237 1274 1275 
1238 1237 1275 
1238 1275 1276 
1239 1238 1276 
1239 1276 1277 
1240 1239 1277 
1240 1277 1278 
1241 1240 1278 
1241 1278 1279 
1242 1241 1279 
1242 1279 1280 
1243 1242 1280 
1243 1280 1281 
1244 1243 1281 
1244 1281 1282 
1245 1244 1282 
1245 1282 1283 
1246 1245 1283 
1246 1283 1284 
1247 1246 1284 
1247 1284 1285 
1248 1247 1285 
1248 1285 1286 
1249 1248 1286 
1249 1286 1287 
1250 1249 1287 
1250 1287 1288 
1251 1250 1288 
1251 1288 1289 
1252 1251 1289 
1252 1289 1290 
1253 1252 1290 
1253 1290 1291 
1254 1253 1291 
1254 1291 1292 
1255 1254 1292 
1255 1292 1293 
1256 1255 1293 
1256 1293 1294 
1257 1256 1294 
1258 1295 1296 
1259 1258 1296 
1259 1296 1297 
1260 1259 1297 
1260 1297 1298 
1261 1260 1298 
1261 1298 1299 
1262 1261 1299 
1262 1299 1300 
1263 1262 1300 
1263 1300 1301 
1264 1263 1301 
1264 1301 1302 
1265 1264 1302 
1265 1302 1303 
1266 1265 1303 
1266 1303 1304 
1267 1266 1304 
1267 1304 1305 
1268 1267 1305 
1268 1305 1306 
1269 1268 1306 
1269 1306 1307 
1270 1269 1307 
1270 1307 1308 
1271 1270 1308 
1271 1308 1309 
1272 1271 1309 
1272 1309 1310 
1273 1272 1310 
1273 1310 1311 
1274 1273 1311 
1274 1311 1312 
1275 1274 1312 
1275 1312 1313 
1276 1275 1313 
1276 1313 1314 
1277 1276 1314 
1277 1314 1315 
1278 1277 1315 
1278 1315 1316 
1279 1278 1316 
1279 1316 1317 
1280 1279 1317 
1280 1317 1318 
1281 1280 1318 
1281 1318 1319 
1282 1281 1319 
1282 1319 1320 
1283 1282 1320 
1283 1320 1321 
1284 1283 1321 
1284 1321 1322 
1285 1284 1322 
1285 1322 1323 
1286 1285 1323 
1286 1323 1324 
1287 1286 1324 
1287 1324 1325 
1288 1287 1325 
1288 1325 1326 
1289 1288 1326 
1289 1326 1327 
1290 1289 1327 
1290 1327 1328 
1291 1290 1328 
1291 1328 1329 
1292 1291 1329 
1292 1329 1330 
1293 1292 1330 
1293 1330 1331 
1294 1293 1331 
1295 1332 1333 
1296 1295 1333 
1296 1333 1334 
1297 1296 1334 
1297 1334 1335 
1298 1297 1335 
1298 1335 1336 
1299 1298 1336 
1299 1336 1337 
1300 1299 1337 
1300 1337 1338 
1301 1300 1338 
1301 1338 1339 
1302 1301 1339 
1302 1339 1340 
1303 1302 1340 
1303 1340 1341 
1304 1303 1341 
1304 1341 1342 
1305 1304 1342 
1305 1342 1343 
1306 1305 1343 
1306 1343 1344 
1307 1306 1344 
1307 1344 1345 
1308 1307 1345 
1308 1345 1346 
1309 1308 1346 
1309 1346 1347 
1310 1309 1347 
1310 1347 1348 
1311 1310 1348 
1311 1348 1349 
1312 1311 1349 
1312 1349 1350 
1313 1312 1350 
1313 1350 1351 
1314 1313 1351 
1314 1351 1352 
1315 1314 1352 
1315 1352 1353 
1316 1315 1353 
1316 1353 1354 
1317 1316 1354 
1317 1354 1355 
1318 1317 1355 
1318 1355 1356 
1319 1318 1356 
1319 1356 1357 
1320 1319 1357 
1320 1357 1358 
1321 1320 1358 
1321 1358 1359 
1322 1321 1359 
1322 1359 1360 
1323 1322 1360 
1323 1360 1361 
1324 1323 1361 
1324 1361 1362 
1325 1324 1362 
1325 1362 1363 
1326 1325 1363 
1326 1363 1364 
1327 1326 1364 
1327 1364 1365 
1328 1327 1365 
1328 1365 1366 
1329 1328 1366 
1329 1366 1367 
1330 1329 1367 
1330 1367 1368 
1331 1330 1368 
1332 1369 1370 
1333 1332 1370 
1333 1370 1371 
1334 1333 1371 
1334 1371 1372 
1335 1334 1372 
1335 1372 1373 
1336 1335 1373 
1336 1373 1374 
1337 1336 1374 
1337 1374 1375 
1338 1337 1375 
1338 1375 1376 
1339 1338 1376 
1339 1376 1377 
1340 1339 1377 
1340 1377 1378 
1341 1340 1378 
1341 1378 1379 
1342 1341 1379 
1342 1379 1380 
1343 1342 1380 
1343 1380 1381 
1344 1343 1381 
1344 1381 1382 
1345 1344 1382 
1345 1382 1383 
1346 1345 1383 
1346 1383 1384 
1347 1346 1384 
1347 1384 1385 
1348 1347 1385 
1348 1385 1386 
1349 1348 1386 
1349 1386 1387 
1350 1349 1387 
1350 1387 1388 
1351 1350 1388 
1351 1388 1389 
1352 1351 1389 
1352 1389 1390 
1353 1352 1390 
1353 1390 1391 
1354 1353 1391 
1354 1391 1392 
1355 1354 1392 
1355 1392 1393 
1356 1355 1393 
1356 1393 1394 
1357 1356 1394 
1357 1394 1395 
1358 1357 1395 
1358 1395 1396 
1359 1358 1396 
1359 1396 1397 
1360 1359 1397 
1360 1397 1398 
1361 1360 1398 
1361 1398 1399 
1362 1361 1399 
1362 1399 1400 
1363 1362 1400 
1363 1400 1401 
1364 1363 1401 
1364 1401 1402 
1365 1364 1402 
1365 1402 1403 
1366 1365 1403 
1366 1403 1404 
1367 1366 1404 
1367 1404 1405 
1368 1367 1405 
1369 1406 1407 
1370 1369 1407 
1370 1407 1408 
1371 1370 1408 
1371 1408 1409 
1372 1371 1409 
1372 1409 1410 
1373 1372 1410 
1373 1410 1411 
1374 1373 1411 
1374 1411 1412 
1375 1374 1412 
1375 1412 1413 
1376 1375 1413 
1376 1413 1414 
1377 1376 1414 
1377 1414 1415 
1378 1377 1415 
1378 1415 1416 
1379 1378 1416 
1379 1416 1417 
1380 1379 1417 
1380 1417 1418 
1381 1380 1418 
1381 1418 1419 
1382 1381 1419 
1382 1419 1420 
1383 1382 1420 
1383 1420 1421 
1384 1383 1421 
1384 1421 1422 
1385 1384 1422 
1385 1422 1423 
1386 1385 1423 
1386 1423 1424 
1387 1386 1424 
1387 1424 1425 
1388 1387 1425 
1388 1425 1426 
1389 1388 1426 
1389 1426 1427 
1390 1389 1427 
1390 1427 1428 
1391 1390 1428 
1391 1428 1429 
1392 1391 1429 
1392 1429 1430 
1393 1392 1430 
1393 1430 1431 
1394 1393 1431 
1394 1431 1432 
1395 1394 1432 
1395 1432 1433 
1396 1395 1433 
1396 1433 1434 
1397 1396 1434 
1397 1434 1435 
1398 1397 1435 
1398 1435 1436 
1399 1398 1436 
1399 1436 1437 
1400 1399 1437 
1400 1437 1438 
1401 1400 1438 
1401 1438 1439 
1402 1401 1439 
1402 1439 1440 
1403 1402 1440 
1403 1440 1441 
1404 1403 1441 
1404 1441 1442 
1405 1404 1442 
1406 1443 1444 
1407 1406 1444 
1407 1444 1445 
1408 1407 1445 
1408 1445 1446 
1409 1408 1446 
1409 1446 1447 
1410 1409 1447 
1410 1447 1448 
1411 1410 1448 
1411 1448 1449 
1412 1411 1449 
1412 1449 1450 
1413 1412 1450 
1413 1450 1451 
1414 1413 1451 
1414 1451 1452 
1415 1414 1452 
1415 1452 1453 
1416 1415 1453 
1416 1453 1454 
1417 1416 1454 
1417 1454 1455 
1418 1417 1455 
1418 1455 1456 
1419 1418 1456 
1419 1456 1457 
1420 1419 1457 
1420 1457 1458 
1421 1420 1458 
1421 1458 1459 
1422 1421 1459 
1422 1459 1460 
1423 1422 1460 
1423 1460 1461 
1424 1423 1461 
1424 1461 1462 
1425 1424 1462 
1425 1462 1463 
1426 1425 1463 
1426 1463 1464 
1427 1426 1464 
1427 1464 1465 
1428 1427 1465 
1428 1465 1466 
1429 1428 1466 
1429 1466 1467 
1430 1429 1467 
1430 1467 1468 
1431 1430 1468 
1431 1468 1469 
1432 1431 1469 
1432 1469 1470 
1433 1432 1470 
1433 1470 1471 
1434 1433 1471 
1434 1471 1472 
1435 1434 1472 
1435 1472 1473 
1436 1435 1473 
1436 1473 1474 
1437 1436 1474 
1437 1474 1475 
1438 1437 1475 
1438 1475 1476 
1439 1438 1476 
1439 1476 1477 
1440 1439 1477 
1440 1477 1478 
1441 1440 1478 
1441 1478 1479 
1442 1441 1479 
1443 1480 1481 
1444 1443 1481 
1444 1481 1482 
1445 1444 1482 
1445 1482 1483 
1446 1445 1483 
1446 1483 1484 
1447 1446 1484 
1447 1484 1485 
1448 1447 1485 
1448 1485 1486 
1449 1448 1486 
1449 1486 1487 
1450 1449 1487 
1450 1487 1488 
1451 1450 1488 
1451 1488 1489 
1452 1451 1489 
1452 1489 1490 
1453 1452 1490 
1453 1490 1491 
1454 1453 1491 
1454 1491 1492 
1455 1454 1492 
1455 1492 1493 
1456 1455 1493 
1456 1493 1494 
1457 1456 1494 
1457 1494 1495 
1458 1457 1495 
1458 1495 1496 
1459 1458 1496 
1459 1496 1497 
1460 1459 1497 
1460 1497 1498 
1461 1460 1498 
1461 1498 1499 
1462 1461 1499 
1462 1499 1500 
1463 1462 1500 
1463 1500 1501 
1464 1463 1501 
1464 1501 1502 
1465 1464 1502 
1465 1502 1503 
1466 1465 1503 
1466 1503 1504 
1467 1466 1504 
1467 1504 1505 
1468 1467 1505 
1468 1505 1506 
1469 1468 1506 
1469 1506 1507 
1470 1469 1507 
1470 1507 1508 
1471 1470 1508 
1471 1508 1509 
1472 1471 1509 
1472 1509 1510 
1473 1472 1510 
1473 1510 1511 
1474 1473 1511 
1474 1511 1512 
1475 1474 1512 
1475 1512 1513 
1476 1475 1513 
1476 1513 1514 
1477 1476 1514 
1477 1514 1515 
1478 1477 1515 
1478 1515 1516 
1479 1478 1516 
1480 1517 1518 
1481 1480 1518 
1481 1518 1519 
1482 1481 1519 
1482 1519 1520 
1483 1482 1520 
1483 1520 1521 
1484 1483 1521 
1484 1521 1522 
1485 1484 1522 
1485 1522 1523 
1486 1485 1523 
1486 1523 1524 
1487 1486 1524 
1487 1524 1525 
1488 1487 1525 
1488 1525 1526 
1489 1488 1526 
1489 1526 1527 
1490 1489 1527 
1490 1527 1528 
1491 1490 1528 
1491 1528 1529 
1492 1491 1529 
1492 1529 1530 
1493 1492 1530 
1493 1530 1531 
1494 1493 1531 
1494 1531 1532 
1495 1494 1532 
1495 1532 1533 
1496 1495 1533 
1496 1533 1534 
1497 1496 1534 
1497 1534 1535 
1498 1497 1535 
1498 1535 1536 
1499 1498 1536 
1499 1536 1537 
1500 1499 1537 
1500 1537 1538 
1501 1500 1538 
1501 1538 1539 
1502 1501 1539 
1502 1539 1540 
1503 1502 1540 
1503 1540 1541 
1504 1503 1541 
1504 1541 1542 
1505 1504 1542 
1505 1542 1543 
1506 1505 1543 
1506 1543 1544 
1507 1506 1544 
1507 1544 1545 
1508 1507 1545 
1508 1545 1546 
1509 1508 1546 
1509 1546 1547 
1510 1509 1547 
1510 1547 1548 
1511 1510 1548 
1511 1548 1549 
1512 1511 1549 
1512 1549 1550 
1513 1512 1550 
1513 1550 1551 
1514 1513 1551 
1514 1551 1552 
1515 1514 1552 
1515 1552 1553 
1516 1515 1553 
1517 1554 1555 
1518 1517 1555 
1518 1555 1556 
1519 1518 1556 
1519 1556 1557 
1520 1519 1557 
1520 1557 1558 
1521 1520 1558 
1521 1558 1559 
1522 1521 1559 
1522 1559 1560 
1523 1522 1560 
1523 1560 1561 
1524 1523 1561 
1524 1561 1562 
1525 1524 1562 
1525 1562 1563 
1526 1525 1563 
1526 1563 1564 
1527 1526 1564 
1527 1564 1565 
1528 1527 1565 
1528 1565 1566 
1529 1528 1566 
1529 1566 1567 
1530 1529 1567 
1530 1567 1568 
1531 1530 1568 
1531 1568 1569 
1532 1531 1569 
1532 1569 1570 
1533 1532 1570 
1533 1570 1571 
1534 1533 1571 
1534 1571 1572 
1535 1534 1572 
1535 1572 1573 
1536 1535 1573 
1536 1573 1574 
1537 1536 1574 
1537 1574 1575 
1538 1537 1575 
1538 1575 1576 
1539 1538 1576 
1539 1576 1577 
1540 1539 1577 
1540 1577 1578 
1541 1540 1578 
1541 1578 1579 
1542 1541 1579 
1542 1579 1580 
1543 1542 1580 
1543 1580 1581 
1544 1543 1581 
1544 1581 1582 
1545 1544 1582 
1545 1582 1583 
1546 1545 1583 
1546 1583 1584 
1547 1546 1584 
1547 1584 1585 
1548 1547 1585 
1548 1585 1586 
1549 1548 1586 
1549 1586 1587 
1550 1549 1587 
1550 1587 1588 
1551 1550 1588 
1551 1588 1589 
1552 1551 1589 
1552 1589 1590 
1553 1552 1590 
1554 1591 1592 
1555 1554 1592 
1555 1592 1593 
1556 1555 1593 
1556 1593 1594 
1557 1556 1594 
1557 1594 1595 
1558 1557 1595 
1558 1595 1596 
1559 1558 1596 
1559 1596 1597 
1560 1559 1597 
1560 1597 1598 
1561 1560 1598 
1561 1598 1599 
1562 1561 1599 
1562 1599 1600 
1563 1562 1600 
1563 1600 1601 
1564 1563 1601 
1564 1601 1602 
1565 1564 1602 
1565 1602 1603 
1566 1565 1603 
1566 1603 1604 
1567 1566 1604 
1567 1604 1605 
1568 1567 1605 
1568 1605 1606 
1569 1568 1606 
1569 1606 1607 
1570 1569 1607 
1570 1607 1608 
1571 1570 1608 
1571 1608 1609 
1572 1571 1609 
1572 1609 1610 
1573 1572 1610 
1573 1610 1611 
1574 1573 1611 
1574 1611 1612 
1575 1574 1612 
1575 1612 1613 
1576 1575 1613 
1576 1613 1614 
1577 1576 1614 
1577 1614 1615 
1578 1577 1615 
1578 1615 1616 
1579 1578 1616 
1579 1616 1617 
1580 1579 1617 
1580 1617 1618 
1581 1580 1618 
1581 1618 1619 
1582 1581 1619 
1582 1619 1620 
1583 1582 1620 
1583 1620 1621 
1584 1583 1621 
1584 1621 1622 
1585 1584 1622 
1585 1622 1623 
1586 1585 1623 
1586 1623 1624 
1587 1586 1624 
1587 1624 1625 
1588 1587 1625 
1588 1625 1626 
1589 1588 1626 
1589 1626 1627 
1590 1589 1627 
1591 1628 1629 
1592 1591 1629 
1592 1629 1630 
1593 1592 1630 
1593 1630 1631 
1594 1593 1631 
1594 1631 1632 
1595 1594 1632 
1595 1632 1633 
1596 1595 1633 
1596 1633 1634 
1597 1596 1634 
1597 1634 1635 
1598 1597 1635 
1598 1635 1636 
1599 1598 1636 
1599 1636 1637 
1600 1599 1637 
1600 1637 1638 
1601 1600 1638 
1601 1638 1639 
1602 1601 1639 
1602 1639 1640 
1603 1602 1640 
1603 1640 1641 
1604 1603 1641 
1604 1641 1642 
1605 1604 1642 
1605 1642 1643 
1606 1605 1643 
1606 1643 1644 
1607 1606 1644 
1607 1644 1645 
1608 1607 1645 
1608 1645 1646 
1609 1608 1646 
1609 1646 1647 
1610 1609 1647 
1610 1647 1648 
1611 1610 1648 
1611 1648 1649 
1612 1611 1649 
1612 1649 1650 
1613 1612 1650 
1613 1650 1651 
1614 1613 1651 
1614 1651 1652 
1615 1614 1652 
1615 1652 1653 
1616 1615 1653 
1616 1653 1654 
1617 1616 1654 
1617 1654 1655 
1618 1617 1655 
1618 1655 1656 
1619 1618 1656 
1619 1656 1657 
1620 1619 1657 
1620 1657 1658 
1621 1620 1658 
1621 1658 1659 
1622 1621 1659 
1622 1659 1660 
1623 1622 1660 
1623 1660 1661 
1624 1623 1661 
1624 1661 1662 
1625 1624 1662 
1625 1662 1663 
1626 1625 1663 
1626 1663 1664 
1627 1626 1664 
