0.000000 0.000000 0.000000 
0.000000 0.000000 0.000000 
0.000000 0.000000 0.000000 
0.000000 0.000000 0.000000 
0.000000 0.000000 0.000000 
0.000000 0.000000 0.000000 
0.000000 0.000000 0.000000 
0.000000 0.000000 0.000000 
0.000000 0.000000 0.000000 
0.000000 0.000000 0.000000 
-0.000000 0.000000 0.000000 
-0.000000 0.000000 0.000000 
-0.000000 0.000000 0.000000 
-0.000000 0.000000 0.000000 
-0.000000 0.000000 0.000000 
-0.000000 0.000000 0.000000 
-0.000000 0.000000 0.000000 
-0.000000 0.000000 0.000000 
-0.000000 0.000000 0.000000 
0.000000 -0.000000 0.000000 
0.000000 -0.000000 0.000000 
0.000000 -0.000000 0.000000 
0.000000 -0.000000 0.000000 
0.000000 -0.000000 0.000000 
0.000000 -0.000000 0.000000 
0.000000 -0.000000 0.000000 
0.000000 -0.000000 0.000000 
0.000000 0.000000 0.000000 
0.000000 0.000000 0.000000 
0.000000 0.000000 0.000000 
0.000000 0.000000 0.000000 
0.000000 0.000000 0.000000 
0.000000 0.000000 0.000000 
0.000000 0.000000 0.000000 
0.000000 0.000000 0.000000 
0.000000 0.000000 0.000000 
0.000000 0.000000 0.000000 
0.420000 0.000000 0.600000 
0.413619 0.072932 0.600000 
0.394671 0.143648 0.600000 
0.363731 0.210000 0.600000 
0.321739 0.269971 0.600000 
0.269971 0.321739 0.600000 
0.210000 0.363731 0.600000 
0.143648 0.394671 0.600000 
0.072932 0.413619 0.600000 
0.000000 0.420000 0.600000 
-0.072932 0.413619 0.600000 
-0.143648 0.394671 0.600000 
-0.210000 0.363731 0.600000 
-0.269971 0.321739 0.600000 
-0.321739 0.269971 0.600000 
-0.363731 0.210000 0.600000 
-0.394671 0.143648 0.600000 
-0.413619 0.072932 0.600000 
-0.420000 0.000000 0.600000 
-0.413619 -0.072932 0.600000 
-0.394671 -0.143648 0.600000 
-0.363731 -0.210000 0.600000 
-0.321739 -0.269971 0.600000 
-0.269971 -0.321739 0.600000 
-0.210000 -0.363731 0.600000 
-0.143648 -0.394671 0.600000 
-0.072932 -0.413619 0.600000 
0.000000 -0.420000 0.600000 
0.072932 -0.413619 0.600000 
0.143648 -0.394671 0.600000 
0.210000 -0.363731 0.600000 
0.269971 -0.321739 0.600000 
0.321739 -0.269971 0.600000 
0.363731 -0.210000 0.600000 
0.394671 -0.143649 0.600000 
0.413619 -0.072932 0.600000 
0.420000 -0.000000 0.600000 
0.810000 0.000000 1.160000 
0.797694 0.140655 1.160000 
0.761151 0.277036 1.160000 
0.701481 0.405000 1.160000 
0.620496 0.520658 1.160000 
0.520658 0.620496 1.160000 
0.405000 0.701481 1.160000 
0.277036 0.761151 1.160000 
0.140655 0.797694 1.160000 
0.000000 0.810000 1.160000 
-0.140655 0.797694 1.160000 
-0.277036 0.761151 1.160000 
-0.405000 0.701481 1.160000 
-0.520658 0.620496 1.160000 
-0.620496 0.520658 1.160000 
-0.701481 0.405000 1.160000 
-0.761151 0.277036 1.160000 
-0.797694 0.140655 1.160000 
-0.810000 0.000000 1.160000 
-0.797694 -0.140655 1.160000 
-0.761151 -0.277036 1.160000 
-0.701481 -0.405000 1.160000 
-0.620496 -0.520658 1.160000 
-0.520658 -0.620496 1.160000 
-0.405000 -0.701481 1.160000 
-0.277036 -0.761151 1.160000 
-0.140655 -0.797694 1.160000 
0.000000 -0.810000 1.160000 
0.140655 -0.797694 1.160000 
0.277036 -0.761151 1.160000 
0.405000 -0.701481 1.160000 
0.520658 -0.620496 1.160000 
0.620496 -0.520658 1.160000 
0.701481 -0.405000 1.160000 
0.761151 -0.277036 1.160000 
0.797694 -0.140655 1.160000 
0.810000 -0.000000 1.160000 
1.200000 0.000000 1.620000 
1.181769 0.208378 1.620000 
1.127631 0.410424 1.620000 
1.039230 0.600000 1.620000 
0.919253 0.771345 1.620000 
0.771345 0.919253 1.620000 
0.600000 1.039231 1.620000 
0.410424 1.127631 1.620000 
0.208378 1.181769 1.620000 
0.000000 1.200000 1.620000 
-0.208378 1.181769 1.620000 
-0.410424 1.127631 1.620000 
-0.600000 1.039230 1.620000 
-0.771345 0.919253 1.620000 
-0.919253 0.771345 1.620000 
-1.039230 0.600000 1.620000 
-1.127631 0.410424 1.620000 
-1.181769 0.208378 1.620000 
-1.200000 0.000000 1.620000 
-1.181769 -0.208378 1.620000 
-1.127631 -0.410424 1.620000 
-1.039230 -0.600000 1.620000 
-0.919253 -0.771345 1.620000 
-0.771345 -0.919253 1.620000 
-0.600000 -1.039231 1.620000 
-0.410424 -1.127631 1.620000 
-0.208378 -1.181769 1.620000 
0.000000 -1.200000 1.620000 
0.208378 -1.181769 1.620000 
0.410424 -1.127631 1.620000 
0.600000 -1.039231 1.620000 
0.771345 -0.919253 1.620000 
0.919253 -0.771345 1.620000 
1.039230 -0.600000 1.620000 
1.127631 -0.410424 1.620000 
1.181769 -0.208378 1.620000 
1.200000 -0.000000 1.620000 
1.590000 0.000000 2.120000 
1.565844 0.276101 2.120000 
1.494111 0.543812 2.120000 
1.376980 0.795000 2.120000 
1.218011 1.022032 2.120000 
1.022032 1.218011 2.120000 
0.795000 1.376981 2.120000 
0.543812 1.494111 2.120000 
0.276101 1.565844 2.120000 
0.000000 1.590000 2.120000 
-0.276100 1.565844 2.120000 
-0.543812 1.494111 2.120000 
-0.795000 1.376980 2.120000 
-1.022032 1.218011 2.120000 
-1.218011 1.022032 2.120000 
-1.376980 0.795000 2.120000 
-1.494111 0.543812 2.120000 
-1.565844 0.276101 2.120000 
-1.590000 0.000000 2.120000 
-1.565844 -0.276100 2.120000 
-1.494111 -0.543812 2.120000 
-1.376980 -0.795000 2.120000 
-1.218011 -1.022032 2.120000 
-1.022033 -1.218010 2.120000 
-0.795000 -1.376981 2.120000 
-0.543812 -1.494111 2.120000 
-0.276101 -1.565844 2.120000 
0.000000 -1.590000 2.120000 
0.276101 -1.565844 2.120000 
0.543812 -1.494111 2.120000 
0.795000 -1.376981 2.120000 
1.022032 -1.218011 2.120000 
1.218011 -1.022032 2.120000 
1.376980 -0.795000 2.120000 
1.494111 -0.543812 2.120000 
1.565844 -0.276101 2.120000 
1.590000 -0.000000 2.120000 
1.940000 0.000000 2.610000 
1.910527 0.336877 2.610000 
1.823004 0.663519 2.610000 
1.680089 0.970000 2.610000 
1.486126 1.247008 2.610000 
1.247008 1.486126 2.610000 
0.970000 1.680089 2.610000 
0.663519 1.823004 2.610000 
0.336878 1.910527 2.610000 
0.000000 1.940000 2.610000 
-0.336877 1.910527 2.610000 
-0.663519 1.823004 2.610000 
-0.970000 1.680089 2.610000 
-1.247008 1.486126 2.610000 
-1.486126 1.247008 2.610000 
-1.680089 0.970000 2.610000 
-1.823004 0.663519 2.610000 
-1.910527 0.336878 2.610000 
-1.940000 0.000000 2.610000 
-1.910527 -0.336877 2.610000 
-1.823004 -0.663519 2.610000 
-1.680089 -0.970000 2.610000 
-1.486126 -1.247008 2.610000 
-1.247009 -1.486126 2.610000 
-0.970000 -1.680089 2.610000 
-0.663519 -1.823004 2.610000 
-0.336877 -1.910527 2.610000 
0.000000 -1.940000 2.610000 
0.336877 -1.910527 2.610000 
0.663519 -1.823004 2.610000 
0.970000 -1.680089 2.610000 
1.247008 -1.486126 2.610000 
1.486126 -1.247008 2.610000 
1.680089 -0.970000 2.610000 
1.823004 -0.663520 2.610000 
1.910527 -0.336878 2.610000 
1.940000 -0.000001 2.610000 
2.260000 0.000000 3.100000 
2.225666 0.392445 3.100000 
2.123705 0.772965 3.100000 
1.957217 1.130000 3.100000 
1.731260 1.452700 3.100000 
1.452700 1.731260 3.100000 
1.130000 1.957217 3.100000 
0.772966 2.123705 3.100000 
0.392445 2.225666 3.100000 
0.000000 2.260000 3.100000 
-0.392445 2.225666 3.100000 
-0.772965 2.123705 3.100000 
-1.130000 1.957217 3.100000 
-1.452700 1.731260 3.100000 
-1.731260 1.452700 3.100000 
-1.957217 1.130000 3.100000 
-2.123705 0.772966 3.100000 
-2.225666 0.392445 3.100000 
-2.260000 0.000000 3.100000 
-2.225666 -0.392444 3.100000 
-2.123705 -0.772965 3.100000 
-1.957217 -1.130000 3.100000 
-1.731261 -1.452700 3.100000 
-1.452701 -1.731260 3.100000 
-1.130000 -1.957217 3.100000 
-0.772965 -2.123705 3.100000 
-0.392445 -2.225666 3.100000 
0.000000 -2.260000 3.100000 
0.392445 -2.225666 3.100000 
0.772965 -2.123705 3.100000 
1.130000 -1.957217 3.100000 
1.452700 -1.731261 3.100000 
1.731260 -1.452700 3.100000 
1.957217 -1.130000 3.100000 
2.123705 -0.772966 3.100000 
2.225666 -0.392445 3.100000 
2.260000 -0.000001 3.100000 
2.580000 0.000000 3.740000 
2.540804 0.448012 3.740000 
2.424407 0.882412 3.740000 
2.234345 1.290000 3.740000 
1.976395 1.658392 3.740000 
1.658392 1.976394 3.740000 
1.290000 2.234346 3.740000 
0.882412 2.424407 3.740000 
0.448012 2.540804 3.740000 
0.000000 2.580000 3.740000 
-0.448012 2.540804 3.740000 
-0.882412 2.424407 3.740000 
-1.290000 2.234345 3.740000 
-1.658392 1.976395 3.740000 
-1.976395 1.658392 3.740000 
-2.234345 1.290000 3.740000 
-2.424407 0.882412 3.740000 
-2.540804 0.448013 3.740000 
-2.580000 0.000000 3.740000 
-2.540804 -0.448012 3.740000 
-2.424407 -0.882411 3.740000 
-2.234345 -1.290000 3.740000 
-1.976395 -1.658392 3.740000 
-1.658393 -1.976394 3.740000 
-1.290000 -2.234346 3.740000 
-0.882412 -2.424407 3.740000 
-0.448012 -2.540804 3.740000 
0.000000 -2.580000 3.740000 
0.448012 -2.540804 3.740000 
0.882412 -2.424407 3.740000 
1.290000 -2.234346 3.740000 
1.658392 -1.976395 3.740000 
1.976394 -1.658392 3.740000 
2.234345 -1.290000 3.740000 
2.424407 -0.882412 3.740000 
2.540804 -0.448013 3.740000 
2.580000 -0.000001 3.740000 
2.930000 0.000000 4.300000 
2.885487 0.508789 4.300000 
2.753299 1.002119 4.300000 
2.537454 1.465000 4.300000 
2.244510 1.883368 4.300000 
1.883368 2.244510 4.300000 
1.465000 2.537455 4.300000 
1.002119 2.753299 4.300000 
0.508789 2.885487 4.300000 
0.000000 2.930000 4.300000 
-0.508789 2.885487 4.300000 
-1.002119 2.753299 4.300000 
-1.465000 2.537454 4.300000 
-1.883368 2.244510 4.300000 
-2.244510 1.883368 4.300000 
-2.537454 1.465000 4.300000 
-2.753299 1.002119 4.300000 
-2.885487 0.508790 4.300000 
-2.930000 0.000000 4.300000 
-2.885487 -0.508789 4.300000 
-2.753300 -1.002118 4.300000 
-2.537454 -1.465000 4.300000 
-2.244510 -1.883368 4.300000 
-1.883368 -2.244510 4.300000 
-1.465000 -2.537455 4.300000 
-1.002119 -2.753300 4.300000 
-0.508789 -2.885487 4.300000 
0.000000 -2.930000 4.300000 
0.508789 -2.885487 4.300000 
1.002119 -2.753299 4.300000 
1.465000 -2.537455 4.300000 
1.883367 -2.244510 4.300000 
2.244510 -1.883368 4.300000 
2.537454 -1.465001 4.300000 
2.753299 -1.002120 4.300000 
2.885487 -0.508790 4.300000 
2.930000 -0.000001 4.300000 
3.180000 0.000000 4.830000 
3.131689 0.552201 4.830000 
2.988223 1.087624 4.830000 
2.753961 1.590000 4.830000 
2.436021 2.044065 4.830000 
2.044065 2.436021 4.830000 
1.590000 2.753961 4.830000 
1.087624 2.988223 4.830000 
0.552201 3.131689 4.830000 
0.000000 3.180000 4.830000 
-0.552201 3.131689 4.830000 
-1.087624 2.988223 4.830000 
-1.590000 2.753961 4.830000 
-2.044065 2.436021 4.830000 
-2.436021 2.044065 4.830000 
-2.753961 1.590000 4.830000 
-2.988223 1.087624 4.830000 
-3.131689 0.552202 4.830000 
-3.180000 0.000000 4.830000 
-3.131689 -0.552201 4.830000 
-2.988223 -1.087623 4.830000 
-2.753961 -1.590000 4.830000 
-2.436022 -2.044065 4.830000 
-2.044065 -2.436021 4.830000 
-1.590000 -2.753961 4.830000 
-1.087624 -2.988223 4.830000 
-0.552201 -3.131689 4.830000 
0.000000 -3.180000 4.830000 
0.552201 -3.131689 4.830000 
1.087624 -2.988223 4.830000 
1.590000 -2.753961 4.830000 
2.044064 -2.436022 4.830000 
2.436021 -2.044065 4.830000 
2.753961 -1.590001 4.830000 
2.988222 -1.087625 4.830000 
3.131689 -0.552202 4.830000 
3.180000 -0.000001 4.830000 
3.390000 0.000000 5.360000 
3.338498 0.588667 5.360000 
3.185558 1.159448 5.360000 
2.935826 1.695000 5.360000 
2.596891 2.179050 5.360000 
2.179050 2.596890 5.360000 
1.695000 2.935826 5.360000 
1.159448 3.185558 5.360000 
0.588668 3.338498 5.360000 
0.000000 3.390000 5.360000 
-0.588667 3.338499 5.360000 
-1.159448 3.185558 5.360000 
-1.695000 2.935826 5.360000 
-2.179050 2.596891 5.360000 
-2.596891 2.179050 5.360000 
-2.935826 1.695000 5.360000 
-3.185558 1.159449 5.360000 
-3.338498 0.588668 5.360000 
-3.390000 0.000001 5.360000 
-3.338499 -0.588667 5.360000 
-3.185558 -1.159448 5.360000 
-2.935826 -1.695000 5.360000 
-2.596891 -2.179050 5.360000 
-2.179051 -2.596890 5.360000 
-1.695000 -2.935826 5.360000 
-1.159448 -3.185558 5.360000 
-0.588667 -3.338499 5.360000 
0.000000 -3.390000 5.360000 
0.588667 -3.338498 5.360000 
1.159448 -3.185558 5.360000 
1.695000 -2.935826 5.360000 
2.179050 -2.596891 5.360000 
2.596890 -2.179050 5.360000 
2.935826 -1.695001 5.360000 
3.185558 -1.159449 5.360000 
3.338498 -0.588668 5.360000 
3.390000 -0.000001 5.360000 
3.630000 0.000000 5.960000 
3.574852 0.630343 5.960000 
3.411084 1.241533 5.960000 
3.143672 1.815000 5.960000 
2.780741 2.333319 5.960000 
2.333319 2.780741 5.960000 
1.815000 3.143672 5.960000 
1.241533 3.411084 5.960000 
0.630343 3.574852 5.960000 
0.000000 3.630000 5.960000 
-0.630343 3.574852 5.960000 
-1.241533 3.411084 5.960000 
-1.815000 3.143672 5.960000 
-2.333319 2.780741 5.960000 
-2.780741 2.333319 5.960000 
-3.143672 1.815000 5.960000 
-3.411084 1.241533 5.960000 
-3.574852 0.630343 5.960000 
-3.630000 0.000001 5.960000 
-3.574852 -0.630342 5.960000 
-3.411084 -1.241532 5.960000 
-3.143672 -1.815000 5.960000 
-2.780742 -2.333319 5.960000 
-2.333320 -2.780741 5.960000 
-1.815000 -3.143672 5.960000 
-1.241533 -3.411084 5.960000 
-0.630343 -3.574852 5.960000 
0.000000 -3.630000 5.960000 
0.630343 -3.574852 5.960000 
1.241533 -3.411084 5.960000 
1.815000 -3.143672 5.960000 
2.333319 -2.780742 5.960000 
2.780741 -2.333320 5.960000 
3.143672 -1.815001 5.960000 
3.411084 -1.241534 5.960000 
3.574852 -0.630344 5.960000 
3.630000 -0.000001 5.960000 
3.850000 0.000000 6.530000 
3.791510 0.668545 6.530000 
3.617816 1.316777 6.530000 
3.334198 1.925000 6.530000 
2.949271 2.474732 6.530000 
2.474732 2.949271 6.530000 
1.925000 3.334198 6.530000 
1.316778 3.617816 6.530000 
0.668546 3.791510 6.530000 
0.000000 3.850000 6.530000 
-0.668545 3.791510 6.530000 
-1.316777 3.617816 6.530000 
-1.925000 3.334198 6.530000 
-2.474732 2.949271 6.530000 
-2.949271 2.474732 6.530000 
-3.334198 1.925000 6.530000 
-3.617816 1.316778 6.530000 
-3.791510 0.668546 6.530000 
-3.850000 0.000001 6.530000 
-3.791510 -0.668545 6.530000 
-3.617817 -1.316777 6.530000 
-3.334198 -1.925000 6.530000 
-2.949271 -2.474732 6.530000 
-2.474733 -2.949270 6.530000 
-1.925000 -3.334198 6.530000 
-1.316777 -3.617817 6.530000 
-0.668545 -3.791510 6.530000 
0.000000 -3.850000 6.530000 
0.668545 -3.791510 6.530000 
1.316777 -3.617816 6.530000 
1.925000 -3.334198 6.530000 
2.474732 -2.949271 6.530000 
2.949270 -2.474733 6.530000 
3.334198 -1.925001 6.530000 
3.617816 -1.316778 6.530000 
3.791510 -0.668546 6.530000 
3.850000 -0.000001 6.530000 
4.060000 0.000000 7.060000 
3.998319 0.705012 7.060000 
3.815152 1.388602 7.060000 
3.516063 2.030000 7.060000 
3.110140 2.609718 7.060000 
2.609718 3.110140 7.060000 
2.030000 3.516063 7.060000 
1.388602 3.815152 7.060000 
0.705012 3.998319 7.060000 
0.000000 4.060000 7.060000 
-0.705011 3.998320 7.060000 
-1.388602 3.815152 7.060000 
-2.030000 3.516063 7.060000 
-2.609718 3.110140 7.060000 
-3.110140 2.609718 7.060000 
-3.516063 2.030000 7.060000 
-3.815152 1.388602 7.060000 
-3.998319 0.705012 7.060000 
-4.060000 0.000001 7.060000 
-3.998320 -0.705011 7.060000 
-3.815152 -1.388601 7.060000 
-3.516063 -2.030000 7.060000 
-3.110141 -2.609718 7.060000 
-2.609719 -3.110140 7.060000 
-2.029999 -3.516063 7.060000 
-1.388601 -3.815152 7.060000 
-0.705011 -3.998320 7.060000 
0.000000 -4.060000 7.060000 
0.705011 -3.998319 7.060000 
1.388602 -3.815152 7.060000 
2.029999 -3.516063 7.060000 
2.609717 -3.110141 7.060000 
3.110140 -2.609718 7.060000 
3.516063 -2.030001 7.060000 
3.815152 -1.388603 7.060000 
3.998319 -0.705013 7.060000 
4.060000 -0.000001 7.060000 
4.230000 0.000000 7.620000 
4.165737 0.734532 7.620000 
3.974900 1.446745 7.620000 
3.663287 2.115000 7.620000 
3.240368 2.718992 7.620000 
2.718992 3.240368 7.620000 
2.115000 3.663288 7.620000 
1.446745 3.974900 7.620000 
0.734532 4.165737 7.620000 
0.000000 4.230000 7.620000 
-0.734531 4.165737 7.620000 
-1.446745 3.974900 7.620000 
-2.115000 3.663287 7.620000 
-2.718992 3.240368 7.620000 
-3.240368 2.718992 7.620000 
-3.663287 2.115000 7.620000 
-3.974900 1.446746 7.620000 
-4.165737 0.734532 7.620000 
-4.230000 0.000001 7.620000 
-4.165737 -0.734531 7.620000 
-3.974900 -1.446744 7.620000 
-3.663287 -2.115000 7.620000 
-3.240368 -2.718992 7.620000 
-2.718993 -3.240367 7.620000 
-2.115000 -3.663288 7.620000 
-1.446745 -3.974900 7.620000 
-0.734532 -4.165737 7.620000 
0.000000 -4.230000 7.620000 
0.734532 -4.165737 7.620000 
1.446745 -3.974900 7.620000 
2.115000 -3.663288 7.620000 
2.718991 -3.240368 7.620000 
3.240367 -2.718992 7.620000 
3.663287 -2.115001 7.620000 
3.974900 -1.446746 7.620000 
4.165737 -0.734533 7.620000 
4.230000 -0.000001 7.620000 
4.450000 0.000000 8.220000 
4.382394 0.772734 8.220000 
4.181632 1.521989 8.220000 
3.853813 2.225000 8.220000 
3.408898 2.860404 8.220000 
2.860405 3.408897 8.220000 
2.225000 3.853813 8.220000 
1.521990 4.181632 8.220000 
0.772735 4.382394 8.220000 
0.000000 4.450000 8.220000 
-0.772734 4.382394 8.220000 
-1.521989 4.181632 8.220000 
-2.225000 3.853813 8.220000 
-2.860405 3.408898 8.220000 
-3.408898 2.860405 8.220000 
-3.853813 2.225000 8.220000 
-4.181632 1.521990 8.220000 
-4.382394 0.772735 8.220000 
-4.450000 0.000001 8.220000 
-4.382394 -0.772734 8.220000 
-4.181632 -1.521989 8.220000 
-3.853813 -2.225000 8.220000 
-3.408898 -2.860404 8.220000 
-2.860406 -3.408897 8.220000 
-2.224999 -3.853813 8.220000 
-1.521989 -4.181632 8.220000 
-0.772734 -4.382394 8.220000 
0.000000 -4.450000 8.220000 
0.772734 -4.382394 8.220000 
1.521989 -4.181632 8.220000 
2.224999 -3.853813 8.220000 
2.860404 -3.408898 8.220000 
3.408897 -2.860405 8.220000 
3.853812 -2.225001 8.220000 
4.181632 -1.521991 8.220000 
4.382394 -0.772736 8.220000 
4.450000 -0.000001 8.220000 
4.590000 0.000000 8.750000 
4.520267 0.797045 8.750000 
4.313189 1.569872 8.750000 
3.975057 2.295000 8.750000 
3.516144 2.950395 8.750000 
2.950395 3.516144 8.750000 
2.295000 3.975057 8.750000 
1.569873 4.313189 8.750000 
0.797045 4.520267 8.750000 
0.000000 4.590000 8.750000 
-0.797045 4.520268 8.750000 
-1.569872 4.313189 8.750000 
-2.295000 3.975057 8.750000 
-2.950395 3.516144 8.750000 
-3.516144 2.950395 8.750000 
-3.975057 2.295000 8.750000 
-4.313189 1.569873 8.750000 
-4.520267 0.797046 8.750000 
-4.590000 0.000001 8.750000 
-4.520268 -0.797044 8.750000 
-4.313190 -1.569872 8.750000 
-3.975057 -2.295000 8.750000 
-3.516144 -2.950395 8.750000 
-2.950397 -3.516143 8.750000 
-2.295000 -3.975057 8.750000 
-1.569872 -4.313190 8.750000 
-0.797045 -4.520268 8.750000 
0.000000 -4.590000 8.750000 
0.797045 -4.520267 8.750000 
1.569872 -4.313189 8.750000 
2.295000 -3.975057 8.750000 
2.950395 -3.516144 8.750000 
3.516144 -2.950396 8.750000 
3.975056 -2.295001 8.750000 
4.313189 -1.569874 8.750000 
4.520267 -0.797046 8.750000 
4.590000 -0.000001 8.750000 
4.760000 0.000000 9.310000 
4.687685 0.826565 9.310000 
4.472937 1.628016 9.310000 
4.122281 2.380000 9.310000 
3.646372 3.059669 9.310000 
3.059669 3.646371 9.310000 
2.380000 4.122282 9.310000 
1.628016 4.472937 9.310000 
0.826566 4.687685 9.310000 
0.000000 4.760000 9.310000 
-0.826565 4.687685 9.310000 
-1.628016 4.472937 9.310000 
-2.380000 4.122281 9.310000 
-3.059669 3.646372 9.310000 
-3.646372 3.059669 9.310000 
-4.122281 2.380000 9.310000 
-4.472937 1.628016 9.310000 
-4.687685 0.826566 9.310000 
-4.760000 0.000001 9.310000 
-4.687685 -0.826564 9.310000 
-4.472938 -1.628015 9.310000 
-4.122281 -2.380000 9.310000 
-3.646372 -3.059669 9.310000 
-3.059670 -3.646371 9.310000 
-2.380000 -4.122282 9.310000 
-1.628016 -4.472938 9.310000 
-0.826565 -4.687685 9.310000 
0.000000 -4.760000 9.310000 
0.826565 -4.687685 9.310000 
1.628016 -4.472937 9.310000 
2.380000 -4.122282 9.310000 
3.059669 -3.646372 9.310000 
3.646371 -3.059670 9.310000 
4.122281 -2.380001 9.310000 
4.472937 -1.628017 9.310000 
4.687685 -0.826567 9.310000 
4.760000 -0.000001 9.310000 
4.870000 0.000000 9.840000 
4.796013 0.845667 9.840000 
4.576303 1.665638 9.840000 
4.217544 2.435000 9.840000 
3.730636 3.130375 9.840000 
3.130376 3.730636 9.840000 
2.435000 4.217544 9.840000 
1.665638 4.576303 9.840000 
0.845667 4.796013 9.840000 
0.000000 4.870000 9.840000 
-0.845666 4.796014 9.840000 
-1.665638 4.576303 9.840000 
-2.435000 4.217544 9.840000 
-3.130376 3.730636 9.840000 
-3.730636 3.130376 9.840000 
-4.217544 2.435000 9.840000 
-4.576303 1.665638 9.840000 
-4.796013 0.845667 9.840000 
-4.870000 0.000001 9.840000 
-4.796014 -0.845666 9.840000 
-4.576303 -1.665637 9.840000 
-4.217544 -2.435000 9.840000 
-3.730637 -3.130375 9.840000 
-3.130377 -3.730635 9.840000 
-2.434999 -4.217544 9.840000 
-1.665638 -4.576303 9.840000 
-0.845666 -4.796014 9.840000 
0.000000 -4.870000 9.840000 
0.845666 -4.796013 9.840000 
1.665638 -4.576303 9.840000 
2.434999 -4.217544 9.840000 
3.130375 -3.730637 9.840000 
3.730636 -3.130376 9.840000 
4.217543 -2.435001 9.840000 
4.576303 -1.665639 9.840000 
4.796013 -0.845668 9.840000 
4.870000 -0.000001 9.840000 
4.970000 0.000000 10.340000 
4.894494 0.863031 10.340000 
4.670272 1.699840 10.340000 
4.304146 2.485000 10.340000 
3.807241 3.194654 10.340000 
3.194654 3.807240 10.340000 
2.485000 4.304146 10.340000 
1.699840 4.670272 10.340000 
0.863032 4.894494 10.340000 
0.000000 4.970000 10.340000 
-0.863031 4.894495 10.340000 
-1.699840 4.670272 10.340000 
-2.485000 4.304146 10.340000 
-3.194654 3.807241 10.340000 
-3.807241 3.194654 10.340000 
-4.304146 2.485000 10.340000 
-4.670272 1.699840 10.340000 
-4.894494 0.863032 10.340000 
-4.970000 0.000001 10.340000 
-4.894495 -0.863030 10.340000 
-4.670272 -1.699839 10.340000 
-4.304146 -2.485000 10.340000 
-3.807241 -3.194654 10.340000 
-3.194656 -3.807240 10.340000 
-2.484999 -4.304146 10.340000 
-1.699840 -4.670272 10.340000 
-0.863031 -4.894495 10.340000 
0.000000 -4.970000 10.340000 
0.863031 -4.894494 10.340000 
1.699840 -4.670272 10.340000 
2.484999 -4.304146 10.340000 
3.194654 -3.807241 10.340000 
3.807240 -3.194655 10.340000 
4.304146 -2.485001 10.340000 
4.670272 -1.699841 10.340000 
4.894494 -0.863033 10.340000 
4.970000 -0.000002 10.340000 
5.120000 0.000000 10.900000 
5.042215 0.889079 10.900000 
4.811226 1.751143 10.900000 
4.434050 2.560000 10.900000 
3.922148 3.291072 10.900000 
3.291073 3.922147 10.900000 
2.560000 4.434050 10.900000 
1.751143 4.811226 10.900000 
0.889079 5.042215 10.900000 
0.000000 5.120000 10.900000 
-0.889078 5.042216 10.900000 
-1.751143 4.811226 10.900000 
-2.560000 4.434050 10.900000 
-3.291073 3.922148 10.900000 
-3.922148 3.291073 10.900000 
-4.434050 2.560000 10.900000 
-4.811226 1.751143 10.900000 
-5.042215 0.889079 10.900000 
-5.120000 0.000001 10.900000 
-5.042216 -0.889078 10.900000 
-4.811226 -1.751142 10.900000 
-4.434050 -2.560000 10.900000 
-3.922148 -3.291072 10.900000 
-3.291074 -3.922147 10.900000 
-2.559999 -4.434050 10.900000 
-1.751143 -4.811226 10.900000 
-0.889078 -5.042216 10.900000 
0.000000 -5.120000 10.900000 
0.889078 -5.042215 10.900000 
1.751143 -4.811226 10.900000 
2.559999 -4.434050 10.900000 
3.291072 -3.922148 10.900000 
3.922147 -3.291073 10.900000 
4.434050 -2.560001 10.900000 
4.811226 -1.751144 10.900000 
5.042215 -0.889080 10.900000 
5.120000 -0.000002 10.900000 
5.220000 0.000000 11.540000 
5.140696 0.906443 11.540000 
4.905195 1.785345 11.540000 
4.520652 2.610000 11.540000 
3.998752 3.355351 11.540000 
3.355351 3.998751 11.540000 
2.610000 4.520653 11.540000 
1.785345 4.905195 11.540000 
0.906444 5.140696 11.540000 
0.000000 5.220000 11.540000 
-0.906443 5.140697 11.540000 
-1.785345 4.905195 11.540000 
-2.610000 4.520652 11.540000 
-3.355351 3.998752 11.540000 
-3.998752 3.355351 11.540000 
-4.520652 2.610000 11.540000 
-4.905195 1.785345 11.540000 
-5.140696 0.906444 11.540000 
-5.220000 0.000001 11.540000 
-5.140697 -0.906443 11.540000 
-4.905196 -1.785344 11.540000 
-4.520652 -2.610000 11.540000 
-3.998752 -3.355351 11.540000 
-3.355353 -3.998751 11.540000 
-2.609999 -4.520653 11.540000 
-1.785345 -4.905196 11.540000 
-0.906443 -5.140697 11.540000 
0.000000 -5.220000 11.540000 
0.906443 -5.140696 11.540000 
1.785345 -4.905195 11.540000 
2.609999 -4.520653 11.540000 
3.355351 -3.998752 11.540000 
3.998751 -3.355352 11.540000 
4.520652 -2.610001 11.540000 
4.905195 -1.785346 11.540000 
5.140696 -0.906445 11.540000 
5.220000 -0.000002 11.540000 
5.290000 0.000000 12.140000 
5.209633 0.918599 12.140000 
4.970974 1.809286 12.140000 
4.581274 2.645000 12.140000 
4.052375 3.400346 12.140000 
3.400347 4.052375 12.140000 
2.645000 4.581275 12.140000 
1.809287 4.970974 12.140000 
0.918599 5.209633 12.140000 
0.000000 5.290000 12.140000 
-0.918598 5.209633 12.140000 
-1.809286 4.970974 12.140000 
-2.645000 4.581274 12.140000 
-3.400347 4.052375 12.140000 
-4.052375 3.400347 12.140000 
-4.581274 2.645000 12.140000 
-4.970974 1.809287 12.140000 
-5.209633 0.918599 12.140000 
-5.290000 0.000001 12.140000 
-5.209633 -0.918598 12.140000 
-4.970974 -1.809286 12.140000 
-4.581274 -2.645000 12.140000 
-4.052375 -3.400346 12.140000 
-3.400348 -4.052374 12.140000 
-2.645000 -4.581275 12.140000 
-1.809286 -4.970974 12.140000 
-0.918599 -5.209633 12.140000 
0.000000 -5.290000 12.140000 
0.918599 -5.209633 12.140000 
1.809286 -4.970974 12.140000 
2.645000 -4.581275 12.140000 
3.400346 -4.052375 12.140000 
4.052374 -3.400347 12.140000 
4.581274 -2.645001 12.140000 
4.970973 -1.809288 12.140000 
5.209633 -0.918600 12.140000 
5.290000 -0.000002 12.140000 
5.360000 0.000000 12.660000 
5.278570 0.930754 12.660000 
5.036753 1.833228 12.660000 
4.641896 2.680000 12.660000 
4.105999 3.445342 12.660000 
3.445342 4.105998 12.660000 
2.680000 4.641897 12.660000 
1.833228 5.036753 12.660000 
0.930754 5.278570 12.660000 
0.000000 5.360000 12.660000 
-0.930754 5.278570 12.660000 
-1.833228 5.036753 12.660000 
-2.680000 4.641896 12.660000 
-3.445342 4.105999 12.660000 
-4.105999 3.445342 12.660000 
-4.641896 2.680000 12.660000 
-5.036753 1.833228 12.660000 
-5.278570 0.930755 12.660000 
-5.360000 0.000001 12.660000 
-5.278570 -0.930753 12.660000 
-5.036753 -1.833227 12.660000 
-4.641896 -2.680000 12.660000 
-4.105999 -3.445342 12.660000 
-3.445343 -4.105998 12.660000 
-2.680000 -4.641897 12.660000 
-1.833228 -5.036753 12.660000 
-0.930754 -5.278570 12.660000 
0.000000 -5.360000 12.660000 
0.930754 -5.278570 12.660000 
1.833228 -5.036753 12.660000 
2.680000 -4.641897 12.660000 
3.445341 -4.105999 12.660000 
4.105998 -3.445343 12.660000 
4.641896 -2.680001 12.660000 
5.036752 -1.833229 12.660000 
5.278570 -0.930756 12.660000 
5.360000 -0.000002 12.660000 
5.400000 0.000000 13.260000 
5.317962 0.937700 13.260000 
5.074340 1.846909 13.260000 
4.676537 2.700000 13.260000 
4.136640 3.471053 13.260000 
3.471053 4.136640 13.260000 
2.700000 4.676538 13.260000 
1.846909 5.074340 13.260000 
0.937700 5.317962 13.260000 
0.000000 5.400000 13.260000 
-0.937700 5.317962 13.260000 
-1.846909 5.074340 13.260000 
-2.700000 4.676537 13.260000 
-3.471053 4.136640 13.260000 
-4.136640 3.471053 13.260000 
-4.676537 2.700000 13.260000 
-5.074340 1.846909 13.260000 
-5.317962 0.937701 13.260000 
-5.400000 0.000001 13.260000 
-5.317962 -0.937699 13.260000 
-5.074340 -1.846908 13.260000 
-4.676537 -2.700000 13.260000 
-4.136641 -3.471053 13.260000 
-3.471055 -4.136639 13.260000 
-2.700000 -4.676538 13.260000 
-1.846908 -5.074340 13.260000 
-0.937700 -5.317962 13.260000 
0.000000 -5.400000 13.260000 
0.937700 -5.317962 13.260000 
1.846909 -5.074340 13.260000 
2.700000 -4.676538 13.260000 
3.471053 -4.136641 13.260000 
4.136640 -3.471054 13.260000 
4.676537 -2.700001 13.260000 
5.074340 -1.846910 13.260000 
5.317962 -0.937702 13.260000 
5.400000 -0.000002 13.260000 
5.430000 0.000000 13.900000 
5.347506 0.942910 13.900000 
5.102531 1.857169 13.900000 
4.702518 2.715000 13.900000 
4.159621 3.490336 13.900000 
3.490337 4.159621 13.900000 
2.715000 4.702518 13.900000 
1.857169 5.102531 13.900000 
0.942910 5.347506 13.900000 
0.000000 5.430000 13.900000 
-0.942909 5.347506 13.900000 
-1.857169 5.102531 13.900000 
-2.715000 4.702518 13.900000 
-3.490337 4.159621 13.900000 
-4.159621 3.490337 13.900000 
-4.702518 2.715000 13.900000 
-5.102531 1.857170 13.900000 
-5.347506 0.942910 13.900000 
-5.430000 0.000001 13.900000 
-5.347506 -0.942909 13.900000 
-5.102531 -1.857168 13.900000 
-4.702518 -2.715000 13.900000 
-4.159622 -3.490336 13.900000 
-3.490338 -4.159620 13.900000 
-2.714999 -4.702518 13.900000 
-1.857169 -5.102531 13.900000 
-0.942909 -5.347506 13.900000 
0.000000 -5.430000 13.900000 
0.942909 -5.347506 13.900000 
1.857169 -5.102531 13.900000 
2.714999 -4.702518 13.900000 
3.490336 -4.159622 13.900000 
4.159620 -3.490337 13.900000 
4.702518 -2.715001 13.900000 
5.102530 -1.857170 13.900000 
5.347506 -0.942911 13.900000 
5.430000 -0.000002 13.900000 
5.360000 0.000000 14.500000 
5.278570 0.930754 14.500000 
5.036753 1.833228 14.500000 
4.641896 2.680000 14.500000 
4.105999 3.445342 14.500000 
3.445342 4.105998 14.500000 
2.680000 4.641897 14.500000 
1.833228 5.036753 14.500000 
0.930754 5.278570 14.500000 
0.000000 5.360000 14.500000 
-0.930754 5.278570 14.500000 
-1.833228 5.036753 14.500000 
-2.680000 4.641896 14.500000 
-3.445342 4.105999 14.500000 
-4.105999 3.445342 14.500000 
-4.641896 2.680000 14.500000 
-5.036753 1.833228 14.500000 
-5.278570 0.930755 14.500000 
-5.360000 0.000001 14.500000 
-5.278570 -0.930753 14.500000 
-5.036753 -1.833227 14.500000 
-4.641896 -2.680000 14.500000 
-4.105999 -3.445342 14.500000 
-3.445343 -4.105998 14.500000 
-2.680000 -4.641897 14.500000 
-1.833228 -5.036753 14.500000 
-0.930754 -5.278570 14.500000 
0.000000 -5.360000 14.500000 
0.930754 -5.278570 14.500000 
1.833228 -5.036753 14.500000 
2.680000 -4.641897 14.500000 
3.445341 -4.105999 14.500000 
4.105998 -3.445343 14.500000 
4.641896 -2.680001 14.500000 
5.036752 -1.833229 14.500000 
5.278570 -0.930756 14.500000 
5.360000 -0.000002 14.500000 
5.360000 0.000000 15.060000 
5.278570 0.930754 15.060000 
5.036753 1.833228 15.060000 
4.641896 2.680000 15.060000 
4.105999 3.445342 15.060000 
3.445342 4.105998 15.060000 
2.680000 4.641897 15.060000 
1.833228 5.036753 15.060000 
0.930754 5.278570 15.060000 
0.000000 5.360000 15.060000 
-0.930754 5.278570 15.060000 
-1.833228 5.036753 15.060000 
-2.680000 4.641896 15.060000 
-3.445342 4.105999 15.060000 
-4.105999 3.445342 15.060000 
-4.641896 2.680000 15.060000 
-5.036753 1.833228 15.060000 
-5.278570 0.930755 15.060000 
-5.360000 0.000001 15.060000 
-5.278570 -0.930753 15.060000 
-5.036753 -1.833227 15.060000 
-4.641896 -2.680000 15.060000 
-4.105999 -3.445342 15.060000 
-3.445343 -4.105998 15.060000 
-2.680000 -4.641897 15.060000 
-1.833228 -5.036753 15.060000 
-0.930754 -5.278570 15.060000 
0.000000 -5.360000 15.060000 
0.930754 -5.278570 15.060000 
1.833228 -5.036753 15.060000 
2.680000 -4.641897 15.060000 
3.445341 -4.105999 15.060000 
4.105998 -3.445343 15.060000 
4.641896 -2.680001 15.060000 
5.036752 -1.833229 15.060000 
5.278570 -0.930756 15.060000 
5.360000 -0.000002 15.060000 
5.330000 0.000000 15.660000 
5.249025 0.925545 15.660000 
5.008562 1.822967 15.660000 
4.615915 2.665000 15.660000 
4.083017 3.426058 15.660000 
3.426058 4.083016 15.660000 
2.665000 4.615916 15.660000 
1.822967 5.008562 15.660000 
0.925545 5.249025 15.660000 
0.000000 5.330000 15.660000 
-0.925544 5.249025 15.660000 
-1.822967 5.008562 15.660000 
-2.665000 4.615915 15.660000 
-3.426058 4.083017 15.660000 
-4.083017 3.426058 15.660000 
-4.615915 2.665000 15.660000 
-5.008562 1.822968 15.660000 
-5.249025 0.925545 15.660000 
-5.330000 0.000001 15.660000 
-5.249025 -0.925544 15.660000 
-5.008562 -1.822966 15.660000 
-4.615915 -2.665000 15.660000 
-4.083017 -3.426058 15.660000 
-3.426059 -4.083016 15.660000 
-2.664999 -4.615916 15.660000 
-1.822967 -5.008562 15.660000 
-0.925545 -5.249025 15.660000 
0.000000 -5.330000 15.660000 
0.925545 -5.249025 15.660000 
1.822967 -5.008562 15.660000 
2.664999 -4.615916 15.660000 
3.426057 -4.083017 15.660000 
4.083016 -3.426059 15.660000 
4.615915 -2.665001 15.660000 
5.008561 -1.822968 15.660000 
5.249025 -0.925546 15.660000 
5.330000 -0.000002 15.660000 
5.220000 0.000000 16.190001 
5.140696 0.906443 16.190001 
4.905195 1.785345 16.190001 
4.520652 2.610000 16.190001 
3.998752 3.355351 16.190001 
3.355351 3.998751 16.190001 
2.610000 4.520653 16.190001 
1.785345 4.905195 16.190001 
0.906444 5.140696 16.190001 
0.000000 5.220000 16.190001 
-0.906443 5.140697 16.190001 
-1.785345 4.905195 16.190001 
-2.610000 4.520652 16.190001 
-3.355351 3.998752 16.190001 
-3.998752 3.355351 16.190001 
-4.520652 2.610000 16.190001 
-4.905195 1.785345 16.190001 
-5.140696 0.906444 16.190001 
-5.220000 0.000001 16.190001 
-5.140697 -0.906443 16.190001 
-4.905196 -1.785344 16.190001 
-4.520652 -2.610000 16.190001 
-3.998752 -3.355351 16.190001 
-3.355353 -3.998751 16.190001 
-2.609999 -4.520653 16.190001 
-1.785345 -4.905196 16.190001 
-0.906443 -5.140697 16.190001 
0.000000 -5.220000 16.190001 
0.906443 -5.140696 16.190001 
1.785345 -4.905195 16.190001 
2.609999 -4.520653 16.190001 
3.355351 -3.998752 16.190001 
3.998751 -3.355352 16.190001 
4.520652 -2.610001 16.190001 
4.905195 -1.785346 16.190001 
5.140696 -0.906445 16.190001 
5.220000 -0.000002 16.190001 
5.120000 0.000000 16.790001 
5.042215 0.889079 16.790001 
4.811226 1.751143 16.790001 
4.434050 2.560000 16.790001 
3.922148 3.291072 16.790001 
3.291073 3.922147 16.790001 
2.560000 4.434050 16.790001 
1.751143 4.811226 16.790001 
0.889079 5.042215 16.790001 
0.000000 5.120000 16.790001 
-0.889078 5.042216 16.790001 
-1.751143 4.811226 16.790001 
-2.560000 4.434050 16.790001 
-3.291073 3.922148 16.790001 
-3.922148 3.291073 16.790001 
-4.434050 2.560000 16.790001 
-4.811226 1.751143 16.790001 
-5.042215 0.889079 16.790001 
-5.120000 0.000001 16.790001 
-5.042216 -0.889078 16.790001 
-4.811226 -1.751142 16.790001 
-4.434050 -2.560000 16.790001 
-3.922148 -3.291072 16.790001 
-3.291074 -3.922147 16.790001 
-2.559999 -4.434050 16.790001 
-1.751143 -4.811226 16.790001 
-0.889078 -5.042216 16.790001 
0.000000 -5.120000 16.790001 
0.889078 -5.042215 16.790001 
1.751143 -4.811226 16.790001 
2.559999 -4.434050 16.790001 
3.291072 -3.922148 16.790001 
3.922147 -3.291073 16.790001 
4.434050 -2.560001 16.790001 
4.811226 -1.751144 16.790001 
5.042215 -0.889080 16.790001 
5.120000 -0.000002 16.790001 
4.970000 0.000000 17.290001 
4.894494 0.863031 17.290001 
4.670272 1.699840 17.290001 
4.304146 2.485000 17.290001 
3.807241 3.194654 17.290001 
3.194654 3.807240 17.290001 
2.485000 4.304146 17.290001 
1.699840 4.670272 17.290001 
0.863032 4.894494 17.290001 
0.000000 4.970000 17.290001 
-0.863031 4.894495 17.290001 
-1.699840 4.670272 17.290001 
-2.485000 4.304146 17.290001 
-3.194654 3.807241 17.290001 
-3.807241 3.194654 17.290001 
-4.304146 2.485000 17.290001 
-4.670272 1.699840 17.290001 
-4.894494 0.863032 17.290001 
-4.970000 0.000001 17.290001 
-4.894495 -0.863030 17.290001 
-4.670272 -1.699839 17.290001 
-4.304146 -2.485000 17.290001 
-3.807241 -3.194654 17.290001 
-3.194656 -3.807240 17.290001 
-2.484999 -4.304146 17.290001 
-1.699840 -4.670272 17.290001 
-0.863031 -4.894495 17.290001 
0.000000 -4.970000 17.290001 
0.863031 -4.894494 17.290001 
1.699840 -4.670272 17.290001 
2.484999 -4.304146 17.290001 
3.194654 -3.807241 17.290001 
3.807240 -3.194655 17.290001 
4.304146 -2.485001 17.290001 
4.670272 -1.699841 17.290001 
4.894494 -0.863033 17.290001 
4.970000 -0.000002 17.290001 
4.830000 0.000000 17.820000 
4.756621 0.838721 17.820000 
4.538715 1.651957 17.820000 
4.182902 2.415000 17.820000 
3.699995 3.104664 17.820000 
3.104664 3.699994 17.820000 
2.415000 4.182903 17.820000 
1.651957 4.538715 17.820000 
0.838721 4.756621 17.820000 
0.000000 4.830000 17.820000 
-0.838720 4.756621 17.820000 
-1.651957 4.538715 17.820000 
-2.415000 4.182902 17.820000 
-3.104664 3.699995 17.820000 
-3.699995 3.104664 17.820000 
-4.182902 2.415000 17.820000 
-4.538715 1.651958 17.820000 
-4.756621 0.838721 17.820000 
-4.830000 0.000001 17.820000 
-4.756621 -0.838720 17.820000 
-4.538715 -1.651956 17.820000 
-4.182902 -2.415000 17.820000 
-3.699995 -3.104664 17.820000 
-3.104665 -3.699994 17.820000 
-2.414999 -4.182903 17.820000 
-1.651957 -4.538715 17.820000 
-0.838721 -4.756621 17.820000 
0.000000 -4.830000 17.820000 
0.838721 -4.756621 17.820000 
1.651957 -4.538715 17.820000 
2.414999 -4.182903 17.820000 
3.104664 -3.699995 17.820000 
3.699994 -3.104665 17.820000 
4.182902 -2.415001 17.820000 
4.538715 -1.651958 17.820000 
4.756621 -0.838722 17.820000 
4.830000 -0.000001 17.820000 
4.660000 0.000000 18.410000 
4.589204 0.809200 18.410000 
4.378967 1.593814 18.410000 
4.035678 2.330000 18.410000 
3.569767 2.995390 18.410000 
2.995390 3.569767 18.410000 
2.330000 4.035678 18.410000 
1.593814 4.378967 18.410000 
0.809201 4.589204 18.410000 
0.000000 4.660000 18.410000 
-0.809200 4.589204 18.410000 
-1.593814 4.378967 18.410000 
-2.330000 4.035678 18.410000 
-2.995390 3.569767 18.410000 
-3.569767 2.995390 18.410000 
-4.035678 2.330000 18.410000 
-4.378967 1.593814 18.410000 
-4.589204 0.809201 18.410000 
-4.660000 0.000001 18.410000 
-4.589204 -0.809200 18.410000 
-4.378968 -1.593813 18.410000 
-4.035678 -2.330000 18.410000 
-3.569767 -2.995390 18.410000 
-2.995391 -3.569766 18.410000 
-2.329999 -4.035678 18.410000 
-1.593813 -4.378968 18.410000 
-0.809200 -4.589204 18.410000 
0.000000 -4.660000 18.410000 
0.809200 -4.589204 18.410000 
1.593814 -4.378967 18.410000 
2.329999 -4.035678 18.410000 
2.995390 -3.569767 18.410000 
3.569767 -2.995391 18.410000 
4.035678 -2.330001 18.410000 
4.378967 -1.593815 18.410000 
4.589204 -0.809202 18.410000 
4.660000 -0.000001 18.410000 
4.450000 0.000000 18.870001 
4.382394 0.772734 18.870001 
4.181632 1.521989 18.870001 
3.853813 2.225000 18.870001 
3.408898 2.860404 18.870001 
2.860405 3.408897 18.870001 
2.225000 3.853813 18.870001 
1.521990 4.181632 18.870001 
0.772735 4.382394 18.870001 
0.000000 4.450000 18.870001 
-0.772734 4.382394 18.870001 
-1.521989 4.181632 18.870001 
-2.225000 3.853813 18.870001 
-2.860405 3.408898 18.870001 
-3.408898 2.860405 18.870001 
-3.853813 2.225000 18.870001 
-4.181632 1.521990 18.870001 
-4.382394 0.772735 18.870001 
-4.450000 0.000001 18.870001 
-4.382394 -0.772734 18.870001 
-4.181632 -1.521989 18.870001 
-3.853813 -2.225000 18.870001 
-3.408898 -2.860404 18.870001 
-2.860406 -3.408897 18.870001 
-2.224999 -3.853813 18.870001 
-1.521989 -4.181632 18.870001 
-0.772734 -4.382394 18.870001 
0.000000 -4.450000 18.870001 
0.772734 -4.382394 18.870001 
1.521989 -4.181632 18.870001 
2.224999 -3.853813 18.870001 
2.860404 -3.408898 18.870001 
3.408897 -2.860405 18.870001 
3.853812 -2.225001 18.870001 
4.181632 -1.521991 18.870001 
4.382394 -0.772736 18.870001 
4.450000 -0.000001 18.870001 
4.160000 0.000000 19.400000 
4.096800 0.722376 19.400000 
3.909121 1.422804 19.400000 
3.602665 2.080000 19.400000 
3.186745 2.673996 19.400000 
2.673996 3.186744 19.400000 
2.080000 3.602666 19.400000 
1.422804 3.909121 19.400000 
0.722377 4.096800 19.400000 
0.000000 4.160000 19.400000 
-0.722376 4.096800 19.400000 
-1.422804 3.909121 19.400000 
-2.080000 3.602665 19.400000 
-2.673996 3.186745 19.400000 
-3.186745 2.673996 19.400000 
-3.602665 2.080000 19.400000 
-3.909121 1.422804 19.400000 
-4.096800 0.722377 19.400000 
-4.160000 0.000001 19.400000 
-4.096800 -0.722376 19.400000 
-3.909121 -1.422803 19.400000 
-3.602665 -2.080000 19.400000 
-3.186745 -2.673996 19.400000 
-2.673997 -3.186744 19.400000 
-2.079999 -3.602666 19.400000 
-1.422803 -3.909121 19.400000 
-0.722376 -4.096800 19.400000 
0.000000 -4.160000 19.400000 
0.722376 -4.096800 19.400000 
1.422804 -3.909121 19.400000 
2.079999 -3.602666 19.400000 
2.673996 -3.186745 19.400000 
3.186744 -2.673997 19.400000 
3.602665 -2.080001 19.400000 
3.909121 -1.422805 19.400000 
4.096800 -0.722378 19.400000 
4.160000 -0.000001 19.400000 
3.810000 0.000000 20.000000 
3.752117 0.661600 20.000000 
3.580229 1.303097 20.000000 
3.299557 1.905000 20.000000 
2.918629 2.449021 20.000000 
2.449021 2.918629 20.000000 
1.905000 3.299557 20.000000 
1.303097 3.580229 20.000000 
0.661600 3.752117 20.000000 
0.000000 3.810000 20.000000 
-0.661599 3.752118 20.000000 
-1.303097 3.580229 20.000000 
-1.905000 3.299557 20.000000 
-2.449021 2.918629 20.000000 
-2.918629 2.449021 20.000000 
-3.299557 1.905000 20.000000 
-3.580229 1.303097 20.000000 
-3.752117 0.661600 20.000000 
-3.810000 0.000001 20.000000 
-3.752118 -0.661599 20.000000 
-3.580229 -1.303096 20.000000 
-3.299557 -1.905000 20.000000 
-2.918629 -2.449021 20.000000 
-2.449022 -2.918629 20.000000 
-1.905000 -3.299557 20.000000 
-1.303096 -3.580229 20.000000 
-0.661599 -3.752118 20.000000 
0.000000 -3.810000 20.000000 
0.661599 -3.752117 20.000000 
1.303097 -3.580229 20.000000 
1.905000 -3.299557 20.000000 
2.449020 -2.918629 20.000000 
2.918629 -2.449021 20.000000 
3.299556 -1.905001 20.000000 
3.580229 -1.303098 20.000000 
3.752117 -0.661601 20.000000 
3.810000 -0.000001 20.000000 
3.420000 0.000000 20.530001 
3.368042 0.593877 20.530001 
3.213749 1.169709 20.530001 
2.961807 1.710000 20.530001 
2.619872 2.198334 20.530001 
2.198334 2.619872 20.530001 
1.710000 2.961807 20.530001 
1.169709 3.213749 20.530001 
0.593877 3.368042 20.530001 
0.000000 3.420000 20.530001 
-0.593876 3.368043 20.530001 
-1.169709 3.213749 20.530001 
-1.710000 2.961807 20.530001 
-2.198334 2.619872 20.530001 
-2.619872 2.198334 20.530001 
-2.961807 1.710000 20.530001 
-3.213749 1.169709 20.530001 
-3.368042 0.593877 20.530001 
-3.420000 0.000001 20.530001 
-3.368043 -0.593876 20.530001 
-3.213749 -1.169708 20.530001 
-2.961807 -1.710000 20.530001 
-2.619872 -2.198334 20.530001 
-2.198335 -2.619871 20.530001 
-1.710000 -2.961807 20.530001 
-1.169709 -3.213749 20.530001 
-0.593877 -3.368043 20.530001 
0.000000 -3.420000 20.530001 
0.593877 -3.368042 20.530001 
1.169709 -3.213749 20.530001 
1.710000 -2.961807 20.530001 
2.198333 -2.619872 20.530001 
2.619872 -2.198334 20.530001 
2.961807 -1.710001 20.530001 
3.213749 -1.169710 20.530001 
3.368042 -0.593878 20.530001 
3.420000 -0.000001 20.530001 
3.000000 0.000000 21.059999 
2.954423 0.520945 21.059999 
2.819078 1.026060 21.059999 
2.598076 1.500000 21.059999 
2.298133 1.928363 21.059999 
1.928363 2.298133 21.059999 
1.500000 2.598076 21.059999 
1.026060 2.819078 21.059999 
0.520945 2.954423 21.059999 
0.000000 3.000000 21.059999 
-0.520944 2.954423 21.059999 
-1.026060 2.819078 21.059999 
-1.500000 2.598076 21.059999 
-1.928363 2.298133 21.059999 
-2.298133 1.928363 21.059999 
-2.598076 1.500000 21.059999 
-2.819078 1.026061 21.059999 
-2.954423 0.520945 21.059999 
-3.000000 0.000000 21.059999 
-2.954423 -0.520944 21.059999 
-2.819078 -1.026060 21.059999 
-2.598076 -1.500000 21.059999 
-2.298133 -1.928363 21.059999 
-1.928364 -2.298133 21.059999 
-1.500000 -2.598076 21.059999 
-1.026060 -2.819078 21.059999 
-0.520944 -2.954423 21.059999 
0.000000 -3.000000 21.059999 
0.520944 -2.954423 21.059999 
1.026060 -2.819078 21.059999 
1.500000 -2.598076 21.059999 
1.928363 -2.298133 21.059999 
2.298133 -1.928363 21.059999 
2.598076 -1.500000 21.059999 
2.819078 -1.026061 21.059999 
2.954423 -0.520945 21.059999 
3.000000 -0.000001 21.059999 
2.540000 0.000000 21.450001 
2.501412 0.441066 21.450001 
2.386819 0.868731 21.450001 
2.199704 1.270000 21.450001 
1.945753 1.632680 21.450001 
1.632681 1.945753 21.450001 
1.270000 2.199705 21.450001 
0.868731 2.386819 21.450001 
0.441066 2.501412 21.450001 
0.000000 2.540000 21.450001 
-0.441066 2.501412 21.450001 
-0.868731 2.386819 21.450001 
-1.270000 2.199704 21.450001 
-1.632681 1.945753 21.450001 
-1.945753 1.632681 21.450001 
-2.199704 1.270000 21.450001 
-2.386819 0.868731 21.450001 
-2.501412 0.441067 21.450001 
-2.540000 0.000000 21.450001 
-2.501412 -0.441066 21.450001 
-2.386819 -0.868731 21.450001 
-2.199704 -1.270000 21.450001 
-1.945753 -1.632680 21.450001 
-1.632681 -1.945752 21.450001 
-1.270000 -2.199705 21.450001 
-0.868731 -2.386819 21.450001 
-0.441066 -2.501412 21.450001 
0.000000 -2.540000 21.450001 
0.441066 -2.501412 21.450001 
0.868731 -2.386819 21.450001 
1.270000 -2.199705 21.450001 
1.632680 -1.945753 21.450001 
1.945753 -1.632681 21.450001 
2.199704 -1.270000 21.450001 
2.386819 -0.868732 21.450001 
2.501412 -0.441067 21.450001 
2.540000 -0.000001 21.450001 
2.010000 0.000000 21.910000 
1.979464 0.349033 21.910000 
1.888782 0.687460 21.910000 
1.740711 1.005000 21.910000 
1.539749 1.292003 21.910000 
1.292003 1.539749 21.910000 
1.005000 1.740711 21.910000 
0.687460 1.888782 21.910000 
0.349033 1.979464 21.910000 
0.000000 2.010000 21.910000 
-0.349033 1.979464 21.910000 
-0.687460 1.888782 21.910000 
-1.005000 1.740711 21.910000 
-1.292003 1.539749 21.910000 
-1.539749 1.292003 21.910000 
-1.740711 1.005000 21.910000 
-1.888782 0.687461 21.910000 
-1.979464 0.349033 21.910000 
-2.010000 0.000000 21.910000 
-1.979464 -0.349032 21.910000 
-1.888782 -0.687460 21.910000 
-1.740711 -1.005000 21.910000 
-1.539749 -1.292003 21.910000 
-1.292004 -1.539749 21.910000 
-1.005000 -1.740711 21.910000 
-0.687460 -1.888782 21.910000 
-0.349033 -1.979464 21.910000 
0.000000 -2.010000 21.910000 
0.349033 -1.979464 21.910000 
0.687460 -1.888782 21.910000 
1.005000 -1.740711 21.910000 
1.292003 -1.539749 21.910000 
1.539749 -1.292003 21.910000 
1.740711 -1.005000 21.910000 
1.888782 -0.687461 21.910000 
1.979464 -0.349033 21.910000 
2.010000 -0.000001 21.910000 
1.520000 0.000000 22.190001 
1.496908 0.263945 22.190001 
1.428333 0.519871 22.190001 
1.316359 0.760000 22.190001 
1.164388 0.977037 22.190001 
0.977037 1.164387 22.190001 
0.760000 1.316359 22.190001 
0.519871 1.428333 22.190001 
0.263945 1.496908 22.190001 
0.000000 1.520000 22.190001 
-0.263945 1.496908 22.190001 
-0.519871 1.428333 22.190001 
-0.760000 1.316359 22.190001 
-0.977037 1.164388 22.190001 
-1.164388 0.977037 22.190001 
-1.316359 0.760000 22.190001 
-1.428333 0.519871 22.190001 
-1.496908 0.263945 22.190001 
-1.520000 0.000000 22.190001 
-1.496908 -0.263945 22.190001 
-1.428333 -0.519870 22.190001 
-1.316359 -0.760000 22.190001 
-1.164388 -0.977037 22.190001 
-0.977038 -1.164387 22.190001 
-0.760000 -1.316359 22.190001 
-0.519871 -1.428333 22.190001 
-0.263945 -1.496908 22.190001 
0.000000 -1.520000 22.190001 
0.263945 -1.496908 22.190001 
0.519871 -1.428333 22.190001 
0.760000 -1.316359 22.190001 
0.977037 -1.164388 22.190001 
1.164387 -0.977037 22.190001 
1.316358 -0.760000 22.190001 
1.428333 -0.519871 22.190001 
1.496908 -0.263946 22.190001 
1.520000 -0.000000 22.190001 
1.090000 0.000000 22.400000 
1.073440 0.189277 22.400000 
1.024265 0.372802 22.400000 
0.943968 0.545000 22.400000 
0.834988 0.700638 22.400000 
0.700639 0.834988 22.400000 
0.545000 0.943968 22.400000 
0.372802 1.024265 22.400000 
0.189277 1.073440 22.400000 
0.000000 1.090000 22.400000 
-0.189276 1.073441 22.400000 
-0.372802 1.024265 22.400000 
-0.545000 0.943968 22.400000 
-0.700639 0.834988 22.400000 
-0.834988 0.700639 22.400000 
-0.943968 0.545000 22.400000 
-1.024265 0.372802 22.400000 
-1.073440 0.189277 22.400000 
-1.090000 0.000000 22.400000 
-1.073441 -0.189276 22.400000 
-1.024265 -0.372802 22.400000 
-0.943968 -0.545000 22.400000 
-0.834989 -0.700638 22.400000 
-0.700639 -0.834988 22.400000 
-0.545000 -0.943968 22.400000 
-0.372802 -1.024265 22.400000 
-0.189276 -1.073441 22.400000 
0.000000 -1.090000 22.400000 
0.189276 -1.073440 22.400000 
0.372802 -1.024265 22.400000 
0.545000 -0.943968 22.400000 
0.700638 -0.834989 22.400000 
0.834988 -0.700639 22.400000 
0.943968 -0.545000 22.400000 
1.024265 -0.372802 22.400000 
1.073440 -0.189277 22.400000 
1.090000 -0.000000 22.400000 
0.560000 0.000000 22.650000 
0.551492 0.097243 22.650000 
0.526228 0.191531 22.650000 
0.484974 0.280000 22.650000 
0.428985 0.359961 22.650000 
0.359961 0.428985 22.650000 
0.280000 0.484974 22.650000 
0.191531 0.526228 22.650000 
0.097243 0.551492 22.650000 
0.000000 0.560000 22.650000 
-0.097243 0.551492 22.650000 
-0.191531 0.526228 22.650000 
-0.280000 0.484974 22.650000 
-0.359961 0.428985 22.650000 
-0.428985 0.359961 22.650000 
-0.484974 0.280000 22.650000 
-0.526228 0.191531 22.650000 
-0.551492 0.097243 22.650000 
-0.560000 0.000000 22.650000 
-0.551492 -0.097243 22.650000 
-0.526228 -0.191531 22.650000 
-0.484974 -0.280000 22.650000 
-0.428985 -0.359961 22.650000 
-0.359961 -0.428985 22.650000 
-0.280000 -0.484974 22.650000 
-0.191531 -0.526228 22.650000 
-0.097243 -0.551492 22.650000 
0.000000 -0.560000 22.650000 
0.097243 -0.551492 22.650000 
0.191531 -0.526228 22.650000 
0.280000 -0.484974 22.650000 
0.359961 -0.428985 22.650000 
0.428985 -0.359961 22.650000 
0.484974 -0.280000 22.650000 
0.526228 -0.191531 22.650000 
0.551492 -0.097243 22.650000 
0.560000 -0.000000 22.650000 
0.000000 0.000000 22.900000 
0.000000 0.000000 22.900000 
0.000000 0.000000 22.900000 
0.000000 0.000000 22.900000 
0.000000 0.000000 22.900000 
0.000000 0.000000 22.900000 
0.000000 0.000000 22.900000 
0.000000 0.000000 22.900000 
0.000000 0.000000 22.900000 
0.000000 0.000000 22.900000 
-0.000000 0.000000 22.900000 
-0.000000 0.000000 22.900000 
-0.000000 0.000000 22.900000 
-0.000000 0.000000 22.900000 
-0.000000 0.000000 22.900000 
-0.000000 0.000000 22.900000 
-0.000000 0.000000 22.900000 
-0.000000 0.000000 22.900000 
-0.000000 0.000000 22.900000 
0.000000 -0.000000 22.900000 
0.000000 -0.000000 22.900000 
0.000000 -0.000000 22.900000 
0.000000 -0.000000 22.900000 
0.000000 -0.000000 22.900000 
0.000000 -0.000000 22.900000 
0.000000 -0.000000 22.900000 
0.000000 -0.000000 22.900000 
0.000000 0.000000 22.900000 
0.000000 0.000000 22.900000 
0.000000 0.000000 22.900000 
0.000000 0.000000 22.900000 
0.000000 0.000000 22.900000 
0.000000 0.000000 22.900000 
0.000000 0.000000 22.900000 
0.000000 0.000000 22.900000 
0.000000 0.000000 22.900000 
0.000000 0.000000 22.900000 
