106.97 76.9743
106.404 77.0125
104.705 77.1275
106.067 77.3739
105.209 77.5359
104.352 77.6979
101.991 77.2875
101.035 76.8619
100.76 76.4303
98.9225 76.4469
96.6783 75.9155
95.8601 76.1401
93.2343 76.0473
92.9007 75.7733
90.2601 75.6401
88.3157 75.1439
87.1669 75.1165
86.0097 74.4597
86.8223 73.9369
84.6553 73.8059
82.2501 73.8501
80.5111 73.6483
80.6107 72.5829
81.5001 71.7501
79.6521 72.3201
77.5767 72.2673
75.9031 71.8741
76.3591 71.1529
75.2891 71.3357
75.6835 72.3005
75.1581 72.8551
74.6593 72.8323
74.8909 72.1213
73.1011 71.4471
74.3999 70.6319
73.6019 69.6277
73.8423 69.0715
74.9359 68.9893
74.4693 68.3291
75.0521 67.7605
74.1865 67.2843
73.9211 66.7895
72.8207 66.5327
72.4231 66.1727
71.2801 66.3201
73.2387 67.7405
73.6679 68.4079
72.5647 69.0209
72.7919 70.3911
72.4701 71.0903
71.8481 71.4091
72.7961 72.2201
72.5875 72.7763
69.9401 73.0401
69.1963 72.8435
68.5401 71.9345
66.6947 71.0291
66.7249 70.7089
67.2599 69.9287
66.9301 69.4547
68.1353 69.3565
68.1645 69.1443
69.1807 68.6157
68.5121 68.0923
64.8881 69.2349
63.5041 69.5475
60.5501 69.8501
60.0301 69.5201
61.0779 68.9407
59.9415 68.2785
58.8021 68.8809
57.3171 68.4663
55.4427 68.4387
54.7263 68.0971
53.4859 68.2013
54.4717 68.8083
53.7175 68.8575
50.2277 67.9987
48.1387 67.5225
47.8943 66.8845
46.3491 66.6677
45.5621 67.0101
45.5553 67.5665
46.8213 67.6899
46.2501 68.2501
43.4529 68.5709
44.1879 67.9505
43.6985 67.3525
44.5323 66.7563
43.9499 66.0691
43.0161 66.4187
42.0931 66.4763
41.2005 66.1011
39.7627 65.4969
40.4357 64.7645
39.5935 64.5209
37.1761 65.1433
36.5397 64.7645
37.1421 64.3347
37.0129 63.8499
36.2313 64.1095
34.9439 64.4145
34.8787 65.4363
34.8149 65.9001
33.1845 66.6325
33.9187 66.7597
36.1509 66.3797
38.3829 65.9995
40.0159 66.2663
41.1261 66.7917
41.0599 67.4573
40.2925 67.9325
36.5141 69.0635
33.7755 69.3015
32.1327 69.9059
31.1011 69.5581
30.5533 69.8723
30.0055 70.1863
31.2935 70.4539
28.1655 71.1855
26.3701 70.9863
24.5467 71.0305
23.0237 70.2021
21.3785 70.2553
19.1841 69.8175
16.4359 68.5633
14.7613 67.8107
12.3583 65.8797
10.5277 64.4861
8.55353 63.4541
5.9129 62.6145
4.99213 61.9711
5.30829 59.6633
5.66589 58.5881
7.04889 58.0789
8.38208 58.3133
10.3567 59.4699
11.0273 58.8561
11.7881 57.4419
12.6251 56.3071
12.9429 55.3619
14.1007 55.4079
14.6667 56.2009
15.8799 56.1043
16.4477 57.0411
16.8293 58.7199
17.8693 58.9539
18.7877 60.0819
17.8315 60.6367
17.1197 61.3413
17.8479 62.7495
19.7789 63.6097
21.3697 64.4137
21.2135 65.0261
22.1833 65.7239
23.9035 66.0069
25.2941 65.5345
25.3981 65.1115
24.7305 64.9023
22.4427 63.8179
21.5361 63.1899
21.0593 62.6075
21.5449 61.7053
21.3223 60.7203
22.2909 60.3919
22.8697 59.8465
24.4967 60.0573
26.2553 60.4239
28.0701 60.5035
29.1177 60.0281
27.9811 59.4755
26.9493 59.4459
25.8643 59.6111
24.6043 59.4659
23.3399 59.1873
23.4267 58.6127
24.0613 58.2575
24.4291 58.3835
24.3129 57.7935
24.1207 57.0257
23.3185 57.0063
22.5245 57.7535
21.5819 57.4119
21.0905 56.7839
21.0559 56.0311
21.2685 55.1905
19.8885 54.8661
19.6607 54.4261
18.6963 54.4387
18.6209 54.6827
17.6229 54.8517
16.3635 54.5133
14.8029 54.0507
14.1197 53.7571
13.6475 54.0755
12.5185 54.4705
11.9563 54.1965
10.9395 54.0087
10.9501 54.3637
9.9397 54.5967
9.92188 54.9831
9.65009 55.4701
10.3701 56.1901
10.6679 56.0815
10.9123 56.4587
10.3701 56.6101
10.2501 56.8901
10.5461 57.2159
10.5801 57.7301
9.7757 57.4479
9.4245 57.1721
8.54352 57.1101
8.25671 56.8101
8.09009 56.5401
8.1203 55.5177
8.52631 54.9629
8.57208 54.3957
8.80072 54.0209
8.1217 53.5279
7.93628 53.7483
7.10052 53.6939
6.90527 53.4823
6.07428 53.5105
4.70612 53.0919
3.83032 51.6205
3.31512 51.3459
2.51349 51.1485
1.6391 50.9467
1.33868 50.1273
-0.98938 49.3475
-1.93341 49.7765
-1.61652 48.6445
-3.29578 48.9017
-4.59229 48.6841
-4.49158 47.9551
-2.9632 47.5703
-2.22571 47.0645
-1.19379 46.0149
-1.38422 44.0227
-1.90131 43.4229
-3.51752 43.4559
-4.34778 43.4035
-5.4118 43.5743
-6.75452 43.5679
-7.97821 43.7485
-9.39288 43.0267
-8.98438 42.5929
-9.03479 41.8807
-8.99078 41.5435
-8.79077 41.1843
-8.76868 40.7607
-8.97729 40.1593
-9.04828 39.7551
-9.4469 39.3921
-9.52649 38.7375
-9.28748 38.3585
-8.84003 38.2663
-8.74609 37.6515
-8.8988 36.8689
-8.38281 36.9789
-7.85559 36.8383
-7.45367 37.0979
-6.5202 36.9429
-6.23669 36.3677
-5.86639 36.0299
-5.37708 35.9469
-4.99518 36.3247
-4.3689 36.6779
-3.41571 36.6589
-2.14642 36.6741
-1.43829 37.4431
-0.683411 37.6423
-0.467102 38.2925
0.111328 38.7385
-0.278687 39.3101
0.106689 40.1241
0.721313 40.6783
0.810486 41.0147
2.09192 41.2261
3.03949 41.8921
2.98608 42.4731
3.10052 43.0753
4.55688 43.3997
6.5293 43.1289
7.4353 43.6939
7.85089 43.7673
8.42871 44.2313
8.88892 44.3663
9.70251 44.0363
10.2001 43.9201
10.5121 42.9315
11.1919 42.3555
12.1067 41.7045
12.8881 41.2531
13.6281 41.1883
14.0607 40.7865
14.7033 40.6047
14.9985 40.1731
15.4137 40.0483
15.7189 39.5441
16.1093 38.9645
15.8921 38.7509
15.6881 38.2147
15.6841 37.9089
16.1011 37.9859
16.6351 38.8437
17.0529 38.9029
17.1715 39.4247
16.4487 39.7955
16.8697 40.4423
17.7385 40.2777
18.2935 39.8109
18.4803 40.1689
18.3767 40.3557
17.5193 40.8771
16.7851 41.1797
15.8893 41.5411
16.1699 41.7403
15.9263 41.9613
15.1427 41.9551
14.0299 42.7611
13.5269 43.5877
12.5893 44.0915
12.2615 44.6005
12.3839 44.8855
12.3287 45.3819
13.1417 45.7367
13.5383 45.6641
13.9377 45.5911
13.7151 45.5003
13.6795 45.4841
13.6571 45.1371
13.9523 44.8021
14.2587 45.2339
14.9017 45.0761
14.9203 44.7385
15.3763 44.3179
15.1745 44.2433
16.0155 43.5073
16.9301 43.2101
17.5099 42.8501
18.2569 42.5561
18.4501 42.4801
18.8821 42.2815
19.1625 41.9551
19.3719 41.8777
19.5401 41.7201
19.4037 41.4095
19.3191 40.7273
19.4061 40.2509
19.9601 39.9151
19.9801 39.6951
20.1501 39.6251
20.2177 39.3403
20.7301 38.7701
21.1201 38.3103
21.2951 37.6451
21.6701 36.8451
22.4901 36.4101
23.1543 36.4225
22.7751 37.3051
23.4101 37.4101
23.1151 37.9201
24.0401 37.6551
24.0251 38.2201
23.5301 38.5101
22.9731 38.9709
23.3501 39.1901
22.8497 39.6593
22.6263 40.2565
22.8141 40.4761
23.3431 39.9611
23.9001 39.9621
24.4081 40.1251
23.7149 40.6871
24.9259 40.9471
25.4477 40.8525
26.0569 40.8241
26.0433 40.6177
26.3581 40.1521
27.1925 40.6907
27.6191 40.9999
28.8065 41.0549
28.9885 41.2999
28.1155 41.6229
27.9967 42.0075
27.6739 42.5779
28.0391 43.2933
28.5581 43.7075
28.8379 44.9139
29.1417 44.8203
29.6265 45.0355
29.6033 45.2933
30.3777 46.0325
30.7489 46.5831
31.6753 46.7063
31.7441 46.3335
33.2987 46.0807
33.5881 45.8517
32.6309 45.5193
32.4543 45.3275
33.5469 45.0349
33.3265 44.5649
33.8825 44.3615
35.2401 44.9401
36.3347 45.1133
36.5301 45.4701
35.5101 45.4101
35.0209 45.6513
34.9623 46.2733
35.8237 46.6459
36.7599 46.6987
37.4251 47.0223
38.2235 47.1023
39.1213 47.2635
39.1477 47.0447
38.4107 46.8407
37.6737 46.6367
38.2331 46.2409
37.4033 45.4045
36.6755 45.2447
37.5391 44.6573
38.6801 44.2801
39.9551 43.4351
40.3215 43.1287
40.8755 43.0137
41.4535 42.6451
41.7033 41.9631
41.5541 41.5357
40.3735 41.0137
39.5127 41.1029
38.3477 40.9487
36.9131 41.3355
35.1677 42.0403
33.5133 42.0191
32.3481 41.7363
31.1459 41.0877
29.2401 41.2201
28.8201 40.4601
27.2801 40.4201
26.7255 39.9419
26.1709 39.4637
26.8047 38.9859
26.3183 38.2081
27.0489 37.6535
27.6413 36.6589
28.7329 36.6769
29.7001 36.1443
30.3911 36.2631
30.6217 36.6779
31.6997 36.6443
32.5093 36.1075
34.0269 36.2201
34.7145 36.7955
35.5511 36.5655
36.1609 36.6507
35.7821 36.2751
36.1499 35.8215
35.9051 35.4101
35.9985 34.6449
35.9797 34.6101
35.4823 33.9055
35.1261 33.0909
35.0985 33.0807
34.9555 32.8275
34.7527 32.0729
34.4881 31.6055
34.5565 31.5489
34.4109 31.3841
34.2655 31.2195
33.7735 30.9675
32.9939 31.0241
32.1925 31.2603
31.9605 30.9337
31.6881 31.4297
30.9769 31.5559
30.0951 31.4735
29.6835 31.1869
28.9135 30.8701
28.4505 31.0259
27.4577 31.3213
26.4953 31.5857
25.1649 31.5693
24.9211 31.8995
23.9275 32.0167
23.6091 32.1873
23.2369 32.1915
22.8959 32.6385
21.5431 32.8433
20.8545 32.7069
20.1341 32.2383
19.8203 31.7519
20.0533 30.9859
19.5741 30.5259
19.0865 30.2665
18.0211 30.7635
16.6117 31.1823
15.7139 31.3763
15.2457 32.2651
13.9187 32.7121
13.0833 32.8789
12.6633 32.7929
11.4889 33.1371
11.1085 33.2933
10.8569 33.7687
10.3397 33.7859
10.1497 34.3307
10.8079 34.8335
10.9395 35.6991
10.5933 35.9475
10.6001 36.4101
11.1001 36.9001
11.0289 37.0921
10.1807 36.7241
10.2101 37.2301
9.51007 37.3501
8.42108 36.9465
7.73712 36.8857
7.33051 37.1185
6.2619 37.1107
5.32013 36.7165
4.81567 36.8651
3.16168 36.7839
1.46692 36.6057
0.503906 36.3013
-0.12738 35.8887
-1.20862 35.7149
-2.16992 35.1685
-2.60431 35.1791
-3.64008 35.3999
-4.591 35.3307
-5.19379 35.7553
-5.92999 35.7601
-6.24432 35.1459
-6.91248 34.1105
-7.65417 33.6971
-8.65741 33.2403
-9.30072 32.5647
-9.43481 32.0381
-9.8147 31.1777
-9.56482 29.9337
-10.3996 29.0987
-10.9009 28.8323
-11.6889 28.1487
-12.6188 28.0383
-13.1216 27.6543
-13.1399 27.6401
-13.7738 26.6189
-14.4399 26.2545
-14.8009 25.6363
-14.8246 25.1035
-15.0893 24.5203
-15.426 24.3591
-15.9826 23.7235
-16.3264 23.0179
-16.2619 22.6793
-16.5891 22.1583
-16.9732 21.8857
-17.0204 21.4223
-17.0634 20.9999
-16.5363 20.5679
-16.2778 20.0925
-16.3776 19.5939
-16.2569 19.0967
-16.1463 18.1085
-16.2705 17.1671
-16.5497 16.6739
-16.463 16.1351
-16.7007 15.6215
-17.1852 14.9195
-17.625 14.7297
-17.1261 14.3735
-16.7137 13.5951
-16.8415 13.1515
-16.6774 12.3849
-16.6138 12.1709
-16.3089 11.9587
-16.3147 11.8065
-16.0852 11.5247
-15.6642 11.4585
-15.1303 11.0405
-14.8395 10.8767
-14.6932 10.6563
-14.5797 10.2145
-14.3301 10.0157
-14.074 9.88629
-13.6852 9.49487
-13.2465 8.90308
-13.124 8.16388
-12.949 7.79871
-12.4281 7.26288
-11.7082 6.86011
-11.4388 6.78589
-10.7654 6.14069
-9.91339 5.59369
-9.00482 4.83252
-7.97412 4.3559
-7.7121 4.36469
-7.51892 4.33832
-6.52869 4.70508
-5.83441 4.99371
-4.6499 5.16827
-4.00879 5.17987
-3.3111 4.98431
-2.85608 4.99451
-1.96472 4.71051
-1.0636 5.00049
-0.507629 5.34351
1.06012 5.92889
1.8653 6.14227
2.69171 6.25891
3.57428 6.2583
4.32568 6.27069
5.03369 5.61188
5.36292 4.88812
5.89832 4.26251
6.69812 4.24072
7.0827 4.46472
7.4621 4.41211
8.50031 4.77209
8.48889 4.49573
8.74487 4.35229
8.94812 3.90411
9.40448 3.7345
9.79529 3.07349
9.64929 2.28387
9.30573 1.16089
9.49292 1.01007
9.29132 0.268677
9.04852 -0.45929
8.83008 -0.778992
8.7981 -1.11133
9.40527 -2.14429
10.0663 -2.96948
11.0937 -3.97882
11.9151 -5.0379
12.1823 -5.78992
12.3225 -6.1001
12.2275 -6.29437
12.7283 -6.92712
12.9331 -7.5965
13.2365 -8.56262
12.9291 -8.95911
12.8755 -9.16687
13.1211 -9.76691
13.3873 -10.3736
13.6865 -10.7311
13.7387 -11.2978
13.6337 -12.0386
13.3129 -12.4836
12.7385 -13.1379
12.5001 -13.5477
12.1757 -14.4491
12.1237 -14.8783
11.7787 -15.7938
11.6401 -16.6731
11.7343 -17.3019
11.7949 -18.0691
12.6087 -19.0453
12.8269 -19.6731
13.3525 -20.8728
13.8687 -21.699
14.2577 -22.1112
14.3857 -22.6567
14.4081 -23.853
14.7433 -25.3929
14.9897 -26.1173
15.2105 -27.0909
15.6019 -27.8212
16.3451 -28.5767
17.0629 -29.876
17.0645 -29.8786
17.5669 -30.7257
18.2217 -31.6616
18.2479 -32.4291
17.9253 -32.6112
18.2501 -33.2814
18.2445 -33.8677
18.3775 -34.1365
18.4247 -33.9978
18.8553 -34.4443
19.1933 -34.4626
19.6165 -34.8191
20.0713 -34.7951
20.6891 -34.4172
21.5429 -34.2588
22.5743 -33.8641
22.9883 -33.9164
23.5941 -33.7945
24.6779 -33.9872
25.1729 -33.7969
25.7807 -33.9446
25.9097 -33.667
26.4195 -33.6149
27.4647 -33.227
28.2197 -32.7719
28.9255 -32.172
30.0557 -31.1402
30.6229 -30.4237
30.9017 -29.9099
31.3257 -29.402
31.5211 -29.2574
32.2035 -28.7524
32.4623 -28.301
32.5803 -27.4701
32.8301 -26.7422
32.9161 -26.2159
32.6603 -26.1485
32.5747 -25.7273
33.0133 -25.3575
34.2159 -24.8163
35.0407 -24.4783
35.4587 -24.1226
35.6075 -23.7065
35.3719 -23.5353
35.5339 -23.0708
35.5627 -22.09
35.3859 -22.14
35.3735 -21.8408
35.1761 -21.2543
34.7019 -20.497
34.7865 -19.784
35.1985 -19.5528
35.8965 -18.8423
36.2813 -18.6596
37.4111 -17.5863
38.5383 -17.101
39.4527 -16.7209
40.0893 -16.1007
40.4773 -15.4063
40.7755 -14.6917
40.5997 -14.2019
40.5609 -12.6391
40.4373 -11.7617
40.4785 -10.7654
40.3167 -10.3171
39.9497 -10.0984
39.5359 -9.1123
39.1865 -8.48547
39.2521 -8.00781
39.1947 -7.70392
39.4701 -7.09998
39.4401 -6.84003
38.7997 -6.47559
38.7405 -5.90887
39.2023 -4.6767
39.6049 -4.3465
39.8001 -3.68109
40.1213 -3.27771
40.2631 -2.57312
40.6379 -2.49982
40.8849 -2.08252
41.5851 -1.68323
41.8111 -1.44641
42.0417 -0.919189
43.1361 0.292297
44.0683 1.05292
45.5641 2.0459
46.5649 2.85529
47.7409 4.21948
48.5945 5.33911
49.4527 6.80469
50.0709 8.08173
50.5525 9.19873
50.8343 10.2797
51.0453 10.6409
51.0415 11.1665
51.1339 11.7483
51.1113 12.0247
50.7321 12.0219
50.2589 11.6797
49.7287 11.5789
49.2679 11.4305
48.9483 11.4107
48.3789 11.3755
48.0217 11.1931
47.5257 11.1273
46.6455 10.8165
45.5569 10.6981
44.6143 10.4423
44.1179 10.4457
43.6667 10.8643
43.4707 11.2777
43.1453 11.4621
42.7159 11.7357
43.2865 11.9749
43.3179 12.3901
43.0813 12.6997
42.5897 13.0005
42.2769 13.3441
41.7349 13.9211
41.1793 14.4911
39.8143 15.4357
39.2661 15.9227
38.9907 16.8407
38.4101 17.9983
37.8627 18.3679
37.4819 18.6141
37.1147 19.8081
36.9695 20.8375
37.1887 21.0189
36.8663 22.0001
36.6907 22.2049
35.5261 23.1025
35.4937 23.7525
35.6925 23.9267
34.7951 25.0339
34.4739 25.5987
34.1047 26.1423
33.3489 27.6999
32.7349 28.7053
32.3205 29.7605
32.4233 29.8511
32.7801 29.1343
33.1369 28.4177
33.5881 27.9715
33.9215 27.6487
34.1545 27.8233
34.4267 28.3441
34.6417 29.0995
34.9227 29.5013
34.9561 29.3567
34.8323 28.9575
34.7879 28.6075
34.6323 28.0585
35.1303 28.0635
35.6403 27.3765
36.2491 26.5701
36.6397 25.8263
36.9317 25.6031
37.2095 25.0845
37.1549 24.8585
37.4837 24.2855
38.0239 24.0787
38.4929 23.6885
39.0663 22.5797
39.0237 21.9869
39.1395 21.2919
39.8017 20.3389
40.2477 20.1747
40.9393 19.4865
41.2215 18.6717
41.7545 17.8331
42.2709 17.4747
42.3481 17.0759
42.6497 16.7747
42.7795 16.3479
42.8237 15.9117
42.7025 15.7189
42.8051 15.2621
42.6049 15.2133
42.8923 14.8023
43.0881 14.0627
43.2515 13.7677
43.2229 13.2209
43.4831 12.6369
44.1751 12.5859
44.4947 12.7217
44.9897 12.6997
45.1443 12.9539
45.4065 13.0269
45.6251 13.2911
45.8777 13.3479
46.7171 13.3997
47.3545 13.5923
47.9389 14.0073
48.2391 13.9481
48.6793 14.0033
49.5747 14.7087
51.1725 15.1753
52.1683 15.5975
52.1917 15.9385
52.3853 16.3825
53.1087 16.6511
53.5705 16.7077
54.2393 17.0451
54.7911 16.9507
55.2749 17.2283
55.2701 17.6323
55.6615 17.8843
56.2835 17.8761
56.5123 18.0871
56.6097 18.5743
57.2343 18.9481
57.6945 18.9447
57.7887 19.0677
57.6659 19.7361
57.8265 20.2431
58.0343 20.4815
58.4881 20.4291
58.8611 21.1141
59.2825 21.4339
59.4423 21.7145
59.8063 22.3105
59.8081 22.5337
59.4501 22.6603
59.1805 22.9925
58.7293 23.5657
58.1371 23.7479
57.4035 23.8787
56.8453 24.2417
56.3969 24.9247
56.2611 25.7147
56.3915 25.8961
56.4857 26.3091
56.3621 26.3959
56.0709 26.0555
55.4391 25.4391
54.6931 24.7979
54.0081 24.1219
53.4041 24.1513
52.5771 24.1775
51.7945 24.0199
51.7575 24.2941
51.5795 24.2455
51.3897 24.6275
51.6067 25.2157
51.5891 25.8011
51.2865 26.1147
51.0135 26.0071
50.7439 25.4825
50.7771 25.1187
50.8101 24.7549
50.6607 24.9999
50.5275 25.3279
50.2399 25.6081
50.1133 25.9441
50.2131 26.2771
50.1525 26.6897
49.4709 27.1101
49.2997 27.4613
48.8077 27.6897
48.4161 28.5521
48.0939 29.3063
48.1833 29.5345
47.9745 29.9759
48.5681 29.9269
48.9413 30.3171
49.5769 29.9857
50.1151 30.1479
50.8531 28.8145
51.5209 27.8657
52.4837 27.5809
53.4931 26.8125
54.7151 26.4807
55.7237 26.9647
56.4921 27.1433
56.9709 26.9661
57.3973 25.7399
58.5259 25.6101
59.6161 25.3801
61.4975 25.0783
62.9057 25.2185
64.5305 25.2371
66.3729 25.4253
67.1455 24.6637
67.4437 23.9449
68.1767 23.6921
69.3497 22.8433
69.6449 22.4507
69.1641 22.0893
70.4705 20.8773
71.1753 20.7575
72.6307 21.3561
72.8245 20.4195
72.8209 19.2083
73.1199 17.9287
73.5343 15.9907
74.4439 14.6173
74.6167 13.9927
74.8649 12.7419
75.3961 11.7813
75.7465 11.3083
76.1301 10.2997
76.5931 8.89929
77.5399 7.96552
77.9413 8.25293
78.2781 8.93311
79.1897 9.21667
78.8855 9.54608
79.3405 10.3089
79.8581 10.3573
79.8625 12.0563
80.2863 13.0063
80.2333 13.8359
80.0251 15.1365
80.3249 15.8993
80.7921 15.9521
81.6927 16.3103
82.1913 16.5567
82.1929 17.0167
83.1893 17.6713
83.9411 18.3021
85.0603 19.4787
86.4993 20.1517
87.0331 20.7433
86.9757 21.4955
88.2085 21.7033
88.8889 21.6907
89.0321 22.0557
89.4189 21.9663
89.7021 21.8571
89.8475 22.0391
90.2729 21.8365
90.5871 22.3929
90.4961 22.8051
91.4171 22.7651
91.8349 22.1829
92.0253 21.7017
92.0829 21.1923
92.3685 20.6709
93.0783 19.8553
93.6633 19.7271
93.5411 19.3665
94.3249 18.2135
94.5335 17.2773
94.1889 16.0381
94.8085 15.8035
95.3693 15.7145
96.5059 16.4273
97.1647 16.9287
97.5971 16.1007
97.7777 14.8373
98.1037 13.6405
98.5097 13.1225
98.4283 12.0331
98.7645 11.4413
98.4573 10.6753
98.5535 9.93311
98.2593 8.97388
98.1501 8.3501
98.3397 7.79449
98.5039 8.38232
98.9883 7.90808
99.5197 7.34351
99.6907 6.84833
100.086 6.46448
100.306 6.04071
100.197 5.3125
100.557 4.76727
100.695 3.93909
101.274 3.27032
101.391 2.76093
102.574 1.9671
103.52 1.22632
104.229 1.29309
104.248 1.63129
103.855 2.5155
103.503 2.79108
103.43 3.38287
103.332 3.72668
103.439 4.1817
103.381 4.8551
102.962 5.52448
102.371 6.1283
102.141 6.22168
101.623 6.74072
101.017 6.85687
100.459 7.42969
100.28 8.29529
99.8739 9.20789
99.2225 9.23932
99.1537 9.96307
99.4789 10.8465
100.019 12.3071
100.098 13.4069
100.979 13.4127
100.832 12.6271
101.687 12.6459
102.585 12.1867
103.091 11.1537
103.497 10.6327
104.334 10.4867
105.076 9.91852
104.795 9.24109
105.158 8.59967
106.405 9.53088
107.221 10.3645
108.366 11.0083
109.2 11.6669
109.335 13.4261
108.877 15.2767
108.269 16.0797
107.362 16.6975
106.427 18.0041
105.662 19.0583
105.882 19.7521
106.715 20.6969
108.05 21.5525
108.523 21.7153
109.865 21.3951
109.628 21.0083
109.89 20.2825
110.444 20.3411
110.786 21.3973
111.844 21.5505
113.241 22.0515
113.807 22.5483
114.153 22.2239
114.764 22.6681
115.891 22.7829
117.282 23.6245
118.657 24.5475
119.586 25.7409
120.396 27.0533
121.126 28.1357
121.685 28.2255
121.938 29.0181
122.092 29.8325
121.503 30.1429
121.264 30.6763
121.892 30.9493
121.908 31.6923
121.229 32.4603
120.62 33.3767
120.227 34.3605
119.151 34.9099
119.665 35.6099
120.637 36.1115
121.104 36.6513
122.52 36.9307
122.358 37.4545
121.711 37.4811
120.823 37.8705
119.703 37.1565
118.912 37.4485
118.878 37.8973
118.06 38.0615
117.533 38.7377
118.043 39.2043
119.023 39.2523
119.64 39.8981
120.769 40.5935
121.641 40.9465
122.169 40.4225
121.377 39.7503
121.586 39.3609
121.055 38.8975
122.132 39.1705
122.868 39.6379
124.266 39.9285
124.737 39.6603
125.321 39.5515
125.387 39.3879
125.133 38.8487
125.222 38.6659
124.986 38.5485
124.712 38.1083
124.981 37.9489
125.24 37.8573
125.275 37.6691
125.568 37.7521
125.689 37.9401
126.175 37.7497
126.86 36.8939
126.117 36.7255
126.559 35.6847
126.374 34.9347
126.486 34.3901
127.386 34.4757
128.186 34.8905
129.091 35.0825
129.468 35.6321
129.461 36.7843
129.213 37.4325
128.35 38.6123
127.783 39.0509
127.385 39.2135
127.502 39.3239
127.534 39.7569
127.968 40.0255
128.633 40.1899
129.01 40.4855
129.188 40.6619
129.705 40.8829
129.667 41.6011
129.966 41.9413
130.4 42.2801
130.601 42.2483
130.78 42.2201
130.936 42.5527
131.271 42.7357
132.278 43.2845
132.906 42.7985
133.537 42.8115
134.87 43.3983
135.515 43.9891
136.862 45.1435
138.22 46.3079
138.555 46.9997
140.062 48.4467
140.513 50.0455
140.597 51.2397
141.379 52.2389
141.345 53.0897
139.901 54.1897
138.805 54.2547
138.165 53.7551
137.193 53.9773
136.702 54.6037
135.126 54.7297
138.958 57.0881
142.198 59.0401
145.487 59.3365
148.545 59.1645
149.784 59.6557
151.338 59.5041
151.266 58.7809
152.812 58.8839
155.044 59.1451
154.218 59.7583
156.721 61.4345
159.302 61.7741
160.122 60.5443
162.658 61.6425
163.258 62.4663
164.474 62.5507
163.67 61.1409
161.872 60.3431
160.151 59.3149
158.364 58.0557
156.81 57.8321
156.758 57.3647
155.914 56.7679
155.434 55.3811
155.992 53.1589
156.42 51.7001
156.79 51.0111
158.231 51.9427
158.531 52.9587
160.022 53.2027
160.369 54.3445
162.117 54.8553
161.701 55.2857
162.13 56.1223
163.058 56.1593
163.192 57.6151
162.053 57.8391
162.017 58.2433
163.217 59.2111
163.539 59.8687
164.877 59.7317
165.84 60.1601
166.295 59.7887
168.901 60.5735
170.331 59.8819
170.698 60.3363
172.15 60.9501
173.68 61.6527
174.569 61.7693
177.364 62.5219
179.228 62.3041
179.487 62.5691
179.37 62.9827
178.908 63.2521
178.313 64.0759
177.411 64.6083
178.707 64.5349
179.993 64.9743
180 64.9797
180 68.9637
178.6 69.4001
175.724 69.8773
173.644 69.8175
170.453 70.0971
170.008 69.6529
170.817 69.0137
169.578 68.6939
167.836 69.5827
165.94 69.4721
164.052 69.6683
162.279 69.6421
160.941 69.4373
159.709 69.7221
159.83 70.4533
158.998 70.8667
157.007 71.0315
152.969 70.8423
150.351 71.6065
149.5 72.2001
142.674 72.6909
140.468 72.8495
139.148 72.4163
139.87 71.4879
138.234 71.6281
137.498 71.3477
135.562 71.6553
133.858 71.3865
132.253 71.8363
131.289 70.7871
129.716 71.1931
128.46 71.9801
129.052 72.3987
128.591 73.0387
126.977 73.5655
125.38 73.5601
123.258 73.7351
123.201 72.9713
119.02 73.1201
118.776 73.5877
115.568 73.7529
113.969 73.5949
113.53 73.3351
113.019 73.9769
112.119 73.7877
110.64 74.0401
109.4 74.1801
110.151 74.4767
111.465 74.7543
112.779 75.0319
113.885 75.3279
114.134 75.8477
113.331 76.2223
111.077 76.7101
108.154 76.7233
107.24 76.4801
106.97 76.9743
